beta = 0.881852
kappa = 8.63676
omega = 0.175873
phiA = 0.307302
phiC = 0.206696
phiG = 0.266757