beta = 1.9623
kappa = 8.00281
omega = 0.70011
phiA = 0.311865
phiC = 0.207167
phiG = 0.279319