kappa = 8.48533
omega = 0.170415
phi0A = 0.332136
phi0C = 0.217836
phi0G = 0.320168
phi1A = 0.296173
phi1C =  0.235
phi1G = 0.187717
phi2A = 0.252539
phi2C = 0.192787
phi2G = 0.291099