site,A,C,D,E,F,G,H,I,K,L,M,N,P,Q,R,S,T,V,W,Y
1,0.007037150963942675,0.014534009314254862,0.009245533637084411,0.043317876492503335,0.1296689072126862,0.0007499936558319337,0.02981421798830137,0.04511257392503713,0.0058445092261165755,0.044062815126662706,0.42169076969697644,0.007504376696232382,0.0167414159074226,0.08383264265000742,0.00592210375429607,0.03375550672826037,0.08109650709133986,0.0031775163274717533,0.0023084037155550433,0.014583169890016822
2,0.02432931486008973,0.056549866342888847,0.009287999466503362,0.005449930692395997,0.0043636676741438144,0.03012306165682222,0.005863734619329743,0.000780585770934287,0.00992246334705627,0.07026112190756557,0.05330044403613972,0.05252766633516064,0.07334661301158552,0.05574983350012935,0.02845065185147704,0.2623146317569885,0.14008941744438988,0.017037973922001265,0.009924984850437184,0.090326036953961
3,0.007763800326266734,0.005959310293069186,0.003602281834690676,0.003858991286168158,0.014659212328454069,0.001504512436443772,0.026075499513540813,0.05491932992887712,0.005011210814855691,0.757947734311521,0.020147257410218618,0.00576084524254433,0.014819314032240299,0.006090155329357479,0.011046381680813941,0.017219960138874255,0.009469469862848521,0.018805031876054493,0.011177501900217258,0.004162199452943563
4,0.013582892610822461,0.007651540853461932,0.01482883592438157,0.09957777661113434,0.009046319721301906,0.014744209315771186,0.04197295772106141,0.2487945580418336,0.010536114136690587,0.3620626231066468,0.012360597814682503,0.008508602165137755,0.005717287557491982,0.053225566233749966,0.018224779958253338,0.021995466477262197,0.02755159140023419,0.008934861613831186,0.015295727475918801,0.005387691260332275
5,0.013416380837479099,0.004445802649654091,0.007400724392878001,0.0035390794729035194,0.03945396576263011,0.006447007511065912,0.013141224501191777,0.06483064926796621,0.007114211062258066,0.07254795536605807,0.008180770806494717,0.1916738502627833,0.004602974954883529,0.004241587022473113,0.0074457214463436085,0.007735511694076695,0.49071434132918185,0.04401482082720672,0.004746890334704792,0.004306530497766839
6,0.007453900928357422,0.007084545834188823,0.008597824572056646,0.5046617727915824,0.004156172673572089,0.29666505119222747,0.005173564771269427,0.003945998934058361,0.017902385775586446,0.001408746660399929,0.05521813359634761,0.004147346088678669,0.0011935032566988285,0.0162755975416581,0.0009625124489699371,0.013151783031011865,0.004242953451379239,0.033489010150007506,0.003545682991578444,0.010723513310370834
7,0.016362325563311953,0.01196430071254283,0.004986666942226566,0.005850764446818751,0.020499430800963656,0.005454347963409367,0.002113874527816224,0.018947075680149045,0.0023384047241604804,0.2446153309866172,0.011183868052361504,0.0030422004731424437,0.004033013506164748,0.004222125073823209,0.002719682432580647,0.008752571930436975,0.021846342841559015,0.6004295554369389,0.004828408041923622,0.005809709863052835
8,0.003142926370069823,0.009236123868610242,0.011714097972303918,0.4673334117778564,0.03305448271074858,0.01854916467443354,0.012235966993167943,0.00745407052838967,0.022645957922766524,0.024481022921604704,0.28751721995342905,0.008694127365753037,0.0009998688098445917,0.037530981798318416,0.0012964845923076726,0.006126921019165134,0.033902192330641144,0.0016625310465057353,0.004350894967372899,0.008071552376710896
9,0.0361842304562439,0.03571328100259161,0.011720434519181217,0.004700628839885845,0.005964076394113183,0.010440391571508221,0.0050884102541362795,0.0016998727645772711,0.40760035747828116,0.03720996585407021,0.050954976969121435,0.00817268837274655,0.023823818006130464,0.02973264737899328,0.0028361126743371577,0.0025907217338908776,0.24614921003037893,0.02552694440636968,0.02948958742026988,0.024401643873172903
10,0.02142131039632566,0.032641493287350616,0.12080654864606781,0.010018934854536917,0.08295794804460636,0.000874175722747468,0.01532420726603535,0.0034577779468047583,0.03101133068227528,0.013241599856823955,0.014226396494436995,0.028345789553539395,0.007754179903448339,0.012474966187753867,0.00849579853962028,0.055986611620326504,0.004869029361021039,0.008315097836011585,0.028867246153617215,0.49890955764665057
11,0.002608058251118205,0.06617508068494722,0.0031321647531670892,0.0875965637845653,0.010708059584331636,0.11004385953462427,0.003454015858714302,0.00887508452392317,0.00964657019755627,0.2541029736584541,0.005706551850979736,0.09833070778874059,0.00813063242107627,0.004071454356310285,0.002537126968460305,0.025989273260531142,0.009507449719867483,0.27764555665216584,0.0029750295675881047,0.008763786582878652
12,0.006471183067908755,0.03131323384010206,0.0031129896164945755,0.0012533118537013917,0.017537462995669145,0.0018854276948661844,0.12105275029513315,0.16966468628193573,0.0046127164994971895,0.3662410800883742,0.02831615237462283,0.028726983754116985,0.015690198386313678,0.13240407988019304,0.00644553351878444,0.031290194471111435,0.0067025693443152935,0.010119935043593167,0.005037694725385152,0.012121816267881566
13,0.37036163802521294,0.02822744822970513,0.004040574573278207,0.013065907903875473,0.01131410289810039,0.0032922293266626278,0.005372020560435346,0.007424370702255424,0.001546542399254452,0.001265221132649092,0.0052853268690442245,0.00317490470915788,0.012351960126696954,0.010258705462345691,0.001741388096354392,0.42659158960520216,0.02048341027809209,0.04737750820478542,0.003489095498965555,0.02333605539792654
14,0.004491944049376962,0.010851197519232239,0.008877938502255519,0.0047102721740488905,0.004249249691416002,0.033152454342286135,0.02540662963051783,0.7442352914660513,0.0050309707275594225,0.002410283411017515,0.03180111918204342,0.020111698177517356,0.000988480786431902,0.0037897357507690075,0.007384345715423319,0.025395889829321932,0.009067460084222583,0.05051827180937622,0.004924226518837076,0.002602540632295438
15,0.0061120817734857755,0.11170506874230428,0.005907476626572398,0.0038004902604278565,0.028612537138872688,0.003499574584951739,0.03353151775650011,0.6152057450574568,0.0072024831506893065,0.004010321077670028,0.03632759451305221,0.06274935352633301,0.003791076234153899,0.0037651792898828447,0.0015104119936198376,0.02175873773656263,0.01602446860530584,0.015775224512564384,0.012509663163307781,0.0062009942562864726
16,0.008570481393819926,0.005664619427833741,0.005652860602080514,0.004530661027288259,0.004906642865449899,0.005219343212224149,0.04247712788523795,0.005740030936943127,0.004801329834683739,0.017297473993398954,0.023092761355774052,0.016407313323054545,0.6241985458149512,0.0035849542308988114,0.022467353696436144,0.1649340050276852,0.004604941336076921,0.005775609555307655,0.009426554542937074,0.020647389937918176
17,0.01594370014459747,0.057621401063878065,0.13759820231063938,0.00292916272699794,0.0051045357282902,0.022928119549011895,0.015456329061830266,0.019862427018532917,0.004679885141421844,0.005292672187246386,0.0030394191302708456,0.0802792990654649,0.0029750382595972354,0.02395023271687282,0.017674376790163687,0.36834345998883955,0.03056042934671866,0.01934689881940454,0.006760647673824068,0.15965376327639738
18,0.028971389850846425,0.007763438510735182,0.08511366716815104,0.010180609132481895,0.002495769632408904,0.7137750711282216,0.006085355149167057,0.0025411606858232075,0.00474610937303353,0.0010244176018042585,0.009204156139932909,0.004735046823549562,0.0010588324451409313,0.0033110070842476773,0.011531428243686678,0.09137080104868175,0.0014908524095340265,0.0036360515913431554,0.008699606974467663,0.0022652290067425532
19,0.00790586944297336,0.0021485912308325094,0.009470245852953233,0.009181912112492356,0.0025491750550467253,0.002107899113876606,0.07322347212310909,0.0009914982801011,0.0015908817745087622,0.011427507330965795,0.002777533205338593,0.0023794410089367024,0.6704126130248167,0.001197935952678887,0.004095923411476126,0.039931828011729814,0.15105708082889238,0.0015061081813462595,0.0040088327637115605,0.0020356512942133805
20,0.001896963675297161,0.0029552024685926275,0.00301638461723412,0.0037027784260587437,0.014446639194114121,0.0017506820452499693,0.006815934574443653,0.005846910817956464,0.0036538419973455518,0.8940769957969256,0.004945299400109405,0.0031843236160499773,0.029434422017582285,0.0028500316704861187,0.005038938501375874,0.00167468197166135,0.0011777398336679853,0.0047987898511101315,0.0058671578617812345,0.002866281662957652
21,0.004977841382049676,0.026327529965199766,0.005333586909117706,0.022699957577895932,0.002475317520187374,0.002107088241476498,0.003905946674519286,0.01190401526527941,0.7934714157552042,0.0025728994357593934,0.010812684353679325,0.010957244047109061,0.004196554446716112,0.009918645265394486,0.026621951162444372,0.014425651196493805,0.01788474245494505,0.004219128231723404,0.022954162713213634,0.002233637401591625
22,0.7117380392548127,0.006576458103339759,0.17878215777471945,0.0024366702006526565,0.007295869922255924,0.0075476720538607735,0.005044918932880748,0.005651129330240676,0.005008818285342698,0.002664146721093026,0.0054299018405912815,0.004615483236865351,0.005139576647326885,0.007930179518257929,0.0010262433008454512,0.001688382533952685,0.023208642756051775,0.007689669627630466,0.006584656203857686,0.0039413837554220675
23,0.012334029909437567,0.009562435290616848,0.00801459867840624,0.32213441634046486,0.0044927886235695625,0.010618536746066512,0.003687398445565549,0.22439762109800448,0.07891844664614953,0.016456605564416995,0.042313355287510915,0.020157574395163042,0.07111994101484712,0.029419763652729972,0.009017505151230388,0.03874504403203249,0.011230333453981766,0.0464907566334353,0.03552251267873639,0.005366336357634477
24,0.007097485529783471,0.11765482221165371,0.004022991352828408,0.008541504023485504,0.027721182068588292,0.0031988669328834565,0.0042202443730520916,0.563848234320798,0.01725069409760087,0.015581719999010042,0.017996836121031055,0.06886292859545799,0.004924900405383896,0.01671922406875712,0.006420482965457807,0.013107297728532759,0.018979101515969803,0.03613593215861208,0.04268319711116345,0.005032354419950141
25,0.7020779158672112,0.0047592834697637474,0.006615644986318258,0.033648262009527925,0.02680160550073645,0.031713244168184385,0.004276518088842307,0.007231800048075019,0.026418461999193146,0.0018164873916409825,0.033525898729506114,0.0329908355779023,0.002053802938125469,0.004438603287272729,0.008130995651014987,0.0073853784099809135,0.025518967329830947,0.02446786100625751,0.008854446228696529,0.00727398731191907
26,0.0036861054408909725,0.006180625288864126,0.043506554555179024,0.011483602966183924,0.006097003897836089,0.011675615168442767,0.014082135526028836,0.02311801316922338,0.11288983827543773,0.006381242719361245,0.006485546243072659,0.0013619761230986448,0.006113953417148594,0.3237395201149526,0.037043719988504156,0.09303285012447245,0.011210922085057744,0.13349642324942673,0.14568687131165492,0.0027274803351633606
27,0.021192837715305494,0.00872382893468428,0.005154247738150022,0.007498483542361575,0.0037909633027588463,0.013282884536178964,0.0037594667649606577,0.0050997497695067446,0.014473163806786113,0.004928219072770074,0.01518925735427182,0.004103693799049962,0.0028505581670852194,0.0057304423878634094,0.843089706170096,0.0016524059453832613,0.009655665429060637,0.0018475233673214636,0.020116004946932737,0.007860897249472676
28,0.0014297469210443373,0.007575823526800555,0.016483729867058552,0.29022182981155603,0.026177067447546085,0.003830956987635041,0.010032306071400479,0.11175097061923234,0.03924698592666909,0.326625877705298,0.02793701451938678,0.007038919286790462,0.00954312487885069,0.009206447458504519,0.019557744091605822,0.0024072706275902484,0.03442528198801953,0.025377286479077794,0.014359791449075728,0.01677182433685799
29,0.01395824055354147,0.02177275285323568,0.053113209177434395,0.4717302059367932,0.06962691927965928,0.04446387423921101,0.015345764358658798,0.009673143681924993,0.04204985969727803,0.004933949408146057,0.015254220348418855,0.04427238200570305,0.020456869773583464,0.03972819984248219,0.010548858331123382,0.030831085050318275,0.004195904608709566,0.06207028069268225,0.015174522401236857,0.01079975775985915
30,0.02102769092424926,0.016883692216651338,0.1747039719448041,0.1717732010007634,0.09856328183246134,0.00869954889365701,0.022565500255336067,0.010074978807064532,0.004822820161658536,0.011608688222045839,0.016723160898405677,0.14432726104267035,0.009631838120374213,0.00614630103419743,0.09490338088884266,0.06793975888360802,0.008052583186867059,0.028325798039560864,0.05334281949834308,0.029883724148439244
31,0.01787082821404695,0.002347177665330455,0.003496846916775445,0.006614491528749953,0.03935568118261581,0.0032437869188580537,0.0032892809249714743,0.03292436024765874,0.002031889810232182,0.017303209914886722,0.03987084585047201,0.001062634980658695,0.0038598295906929485,0.6647672844099672,0.0022345554786295236,0.016468536405618957,0.019498717006157948,0.11339064015143231,0.007509106403388821,0.0028602963988558967
32,0.013728229471396992,0.06600259312581556,0.010147666112628054,0.005018856370567438,0.489802903465639,0.00476505555308279,0.0051709399649185655,0.051327504190093076,0.006823407361318334,0.0014983529460967481,0.008121395578940663,0.019540740711182558,0.0034336862195520085,0.005185378554888054,0.012431907482261265,0.012448146116710803,0.0730135749689184,0.18064114178818003,0.004336878089783861,0.026561641928025848
33,0.06879932485639274,0.6747415473654013,0.0099540827583624,0.007563798209674499,0.003129477842815062,0.0009297504987437404,0.002686664781342629,0.06067461508553904,0.0005405887949910569,0.11928425839419911,0.006562916276149407,0.0019346027721964909,0.003355375959197585,0.0014519116500000871,0.0009029117988743582,0.00394375793416243,0.005494762214681985,0.02496194447730019,0.002579517662065074,0.0005081906679108444
34,0.022091612078154146,0.1291875154677938,0.01876470486602128,0.03169667252428044,0.03269313420081553,0.4432758334085655,0.00393672283853143,0.05922564138603843,0.005962753248129659,0.01064018739020706,0.014403511871838517,0.006041212499168336,0.002046203531010277,0.008184205727278756,0.03049042469023002,0.00670654633949179,0.03800177517817488,0.053068186112558195,0.05274934685717353,0.030833809784538323
35,0.07621822274723998,0.005266049562974205,0.004478915638852436,0.027534703547179386,0.0024651296218523777,0.0012028577220537856,0.04244767039945381,0.02247202085144147,0.21313280200722273,0.013577459812769341,0.26844619001364567,0.0027872139362617203,0.007589222046728645,0.03525693974850488,0.020908210854029004,0.03204355503956977,0.10064995468054687,0.058131339981337966,0.06080345393350308,0.00458808785483277
36,0.128949323692744,0.0023831118726032486,0.0028553306375376517,0.001431110118873464,0.004637360824465999,0.011674104911250222,0.0032619618626410023,0.012855324892785475,0.041715375659379744,0.013819817728379721,0.002898340452660269,0.1201250641774485,0.05080710919349885,0.08735431145598796,0.07318697558352981,0.00971442543839338,0.001978349784790183,0.005492320906294233,0.00661010014706736,0.41825018065966896
37,0.033192481515940724,0.14344884987112863,0.006768729923203055,0.03166419333284071,0.1482495164337965,0.004053977593489645,0.003211386377293998,0.015282397502715987,0.11367577917538901,0.004754196499129699,0.02625489231390078,0.1032878342678664,0.002946978027837727,0.004767393433393566,0.04561725495114661,0.05637841960135829,0.1242806835757316,0.07836745110140518,0.02488720921630298,0.028910375286128873
38,0.020637245694871326,0.003719062523737783,0.38098973856257345,0.015029791695875889,0.007134680095028119,0.01948465531239833,0.02399534247719862,0.014334517041537887,0.01848683883609158,0.007357957573575317,0.1374532088869148,0.11965808766207717,0.002866470539303116,0.011007579507170356,0.0074531612022720765,0.04305613764276078,0.023693292248439066,0.11778579171183012,0.020468804157204364,0.00538763662913984
39,0.001000863046556496,0.009117970165185861,0.006792343087104001,0.013274773529007907,0.00902644645397666,0.005076010110637305,0.17671236030866894,0.03764983288154499,0.0032792166146394996,0.30706730267088284,0.006425811567213014,0.004312518776068772,0.0024488542976227163,0.010144208750679451,0.03067965606944687,0.020527214712744987,0.27358088227618615,0.013530188886949991,0.010113974074186469,0.05923957172069701
40,0.013245028554715642,0.02674885643950793,0.018850199383381967,0.3902048138399944,0.005335567230665888,0.007801152537877789,0.0018367185017424958,0.010252705353241237,0.01747460697222285,0.018980074187311322,0.01837906379180272,0.027614615265801428,0.009739083429025058,0.32581324555325036,0.009469896473931962,0.007225936414724739,0.022403190642217415,0.0126193505718239,0.05224802110972446,0.0037578737470363626
41,0.012830763106125001,0.003937825503487798,0.039948144424044735,0.28147756225906306,0.004815193460317007,0.032509462620613425,0.0007152140711371521,0.23379419232902196,0.0016321204580318337,0.01463348442029152,0.10529272188986602,0.009093454056804928,0.0018188289665275492,0.0022819807683469124,0.009146295222461947,0.053256203028317455,0.009240666054549627,0.12287443063013698,0.057868895292842934,0.002832561438012146
42,0.09911927783925012,0.004802692388749253,0.0007159013844587024,0.0015848878972049279,0.0017059900077676011,0.004973498549711152,0.003279378637232785,0.2835547724698624,0.000356513417319667,0.031158124413732082,0.00249607740218894,0.0014184759383386429,0.00392871887703637,0.0011906012101515523,0.020783361387678473,0.002435295305006079,0.4897680018340625,0.006108648142188457,0.0006588258568593865,0.039960957041201006
43,0.0009281495293434407,0.01411097131874024,0.000829322501576607,0.003326508987704691,0.0014299787276981601,0.00044708056512204945,0.018122286927586145,0.002414440228100331,0.01425747347023576,0.0019723975431391134,0.06352216727873748,0.000555754312822307,0.0015189007747023668,0.8105601039498505,0.005050570926267642,0.002806452550868471,0.023193979274638007,0.013821296307095582,0.012890890553646091,0.008241274272125246
44,0.24910831865488745,0.06707787423709749,0.031015158001638156,0.40379460694228175,0.00369671071016865,0.01708466833420474,0.00246722336983851,0.01661779053283882,0.04688289984568893,0.0027642637333842343,0.028269117242595235,0.04157122179398064,0.004140949125209785,0.022069075639802625,0.024668527940793092,0.005539676170225732,0.0028191037822966037,0.004109575625260624,0.015450438368994457,0.010852799948812494
45,0.0099319943321523,0.018000456139427457,0.010775303152443409,0.019090478470594887,0.01261901310440071,0.02748223608841146,0.006895283661770833,0.006743335487787562,0.011323784555105429,0.004940692188431246,0.022923719357858596,0.009899491560053493,0.006031053127509208,0.004865893489871248,0.03823782641515417,0.018621035791732153,0.004865848546193196,0.01111259818310738,0.7159670223180007,0.03967293402999462
46,0.005947614539379911,0.008590781170802883,0.022523280877253974,0.012066184448253154,0.014428922630936813,0.06662879280418386,0.039508228822192834,0.012417279590009466,0.00449291043432238,0.5859740302877523,0.007150058763885385,0.02226291186961721,0.035405076426708766,0.03913309095673367,0.041258869824512816,0.006326135498117786,0.0033360106354752843,0.03609653890027974,0.020278581719581447,0.016174699800000313
47,0.012471289529824918,0.00572420649339715,0.006276240080297602,0.025571024090871013,0.006613717824855033,0.009788765808782997,0.00706946728072887,0.003840819957337238,0.6351964575051716,0.027181074040587623,0.04983341388879847,0.003875715155398049,0.03517010553708491,0.041245334960942515,0.0716143426776051,0.008121089222645114,0.011936623036911025,0.018538698008049404,0.014633502946044857,0.00529811195466652
48,0.011934310302605826,0.020473216858581583,0.006595871803191745,0.007824251795166605,0.011411905110568341,0.003773705239786981,0.02096447327761801,0.1480277015633945,0.008378756490133435,0.0018727212511355134,0.015187048164308152,0.016396122262282497,0.0012349842443251248,0.0029305188319437713,0.004701608174587677,0.0029884998453942853,0.6759665177912484,0.00585995826844458,0.014168488089211447,0.01930934063607155
49,0.010848055147006251,0.008174082002376107,0.03160033999966711,0.011006132085980846,0.010955353889158423,0.023066348929054757,0.010453287005277917,0.00769845123628416,0.05277612650519991,0.010703760087179895,0.03188426695248167,0.016221376091520842,0.0025190626970243695,0.0184259549518964,0.6621224681070468,0.010081469623095083,0.024805718998779532,0.008808984927171467,0.022014633394260404,0.025834127369538017
50,0.06857695516493373,0.010809626546975797,0.004729502048707351,0.007734325107345609,0.009218856081964457,0.008728706988740535,0.022141424811732247,0.01067309461465274,0.006291136884369452,0.10034680221528187,0.009093535177628818,0.010137502182281115,0.26541368159745937,0.004396051874600921,0.1993487602198054,0.09401081257629741,0.13532359103654443,0.009151316545853208,0.012669892789687378,0.011204425535138198
51,0.009613253776606288,0.33248207896178583,0.002958096850368978,0.013194213662012157,0.007489631871904017,0.019277718980601127,0.013113789126152648,0.3195539436653241,0.01929341235892098,0.10570049021381402,0.006092262978368959,0.02820218575718437,0.01646167021068362,0.021330714166163483,0.0011783018454806322,0.0280984674190354,0.01732542396442634,0.023981025956413323,0.009373690114081406,0.0052796281206723234
52,0.007842760920690148,0.009504091426473021,0.00844896453769753,0.014052289217859818,0.00758585268271963,0.0028227832188882957,0.006476728029577353,0.0045757562339221675,0.003154436154784352,0.7838300648218199,0.01533638824940237,0.009232581094167592,0.05855572382503218,0.018720286983997008,0.01465087648485774,0.0025200978674940764,0.002355247746464375,0.01843641146788752,0.008610119327183847,0.0032885397090811038
53,0.016296274349268152,0.008315891787412644,0.008861649083184753,0.008232184093784409,0.010806084032121516,0.01514920163415392,0.007159512040942599,0.002616062289419198,0.004562180815276778,0.015915707165279725,0.007352927816465322,0.004129961472615356,0.014623914179626786,0.005438099513857278,0.004789521857619963,0.8406704777878513,0.004701152212420545,0.0028648917854367044,0.0067227544466391745,0.010791551636623913
54,0.04319078372796666,0.0019471931214124598,0.13175173101386572,0.001354752384486482,0.001171060810022278,0.6072175663528653,0.01012334487561423,0.0564605217286397,0.002844206052513155,0.01000318433229585,0.004000190080898853,0.004515810824307634,0.056005539894083814,0.01010445943880235,0.015286389408512792,0.001224488400189434,0.014276493369093467,0.0018791374002370758,0.01962521345988642,0.007017933324306399
55,0.001266985628250907,0.02386645905585141,0.001129237301839178,0.0006689547010123864,0.002848324645106022,0.0016806715971281264,0.0028075226014001873,0.002767886731834424,0.004486424406748459,0.08017309836057977,0.8085554422665403,0.0011753231463296043,0.0014856486630452847,0.014845528268339013,0.007051507447632811,0.0016380654019150654,0.010245642682493679,0.031049120061166877,0.001277267574680339,0.0009808894581060917
56,0.039342331894985136,0.019485615694119152,0.019392806588487913,0.015884311942092246,0.0069044207879178175,0.005658200472703362,0.09987551094467033,0.014339518817164432,0.003701200029280276,0.0731974665961421,0.006713679673333877,0.05437453168094625,0.08428568465255609,0.021922225882749405,0.007582750217952439,0.08136751924908898,0.3155840017277235,0.04214268526829846,0.004730473641490522,0.08351506423829771
57,0.012219263664511643,0.009337763981110695,0.004985579315244641,0.05954358428031853,0.03747498668012506,0.006486975840417057,0.017100200401574114,0.2150236939304401,0.42630627635144236,0.012517886003554593,0.016829440682031394,0.053377643267035625,0.0022111526173952257,0.009353383926924155,0.022487011411897472,0.051589715547239436,0.01528992144436057,0.005341747917496731,0.018582430021974603,0.003941342714906051
58,0.09009792392771587,0.005087667457784551,0.004190044323009001,0.021274074169334047,0.31156085926895555,0.18298777154623128,0.004697269556721988,0.02145366771092444,0.010950809667427328,0.011317933349226785,0.013667041113708492,0.002205874474780324,0.003713516831153482,0.0012985956542223445,0.00491175028215252,0.16490324426453964,0.03199247848162897,0.055796337925944954,0.05347071218500995,0.004422427809528479
59,0.007892260756610833,0.007278043661596786,0.027972662950038904,0.09085630707961759,0.0024981088933425165,0.014596988502362188,0.0145500666271721,0.23311983180520965,0.10587652431037241,0.035866191752113176,0.11170584346846686,0.07726209173114475,0.005429751221168105,0.029839817721140655,0.020608144937229872,0.13247552713241048,0.010765477223740263,0.020458926829139797,0.031167463209849946,0.019779970187273073
60,0.04392181523538604,0.0147206732948419,0.01655969157622971,0.012091834211687077,0.050059452665046716,0.02590396761532568,0.007065085343448948,0.0237622211681703,0.005423758397875696,0.5570294257609393,0.012816371655909774,0.0048485027379741395,0.01029342812085664,0.009452607846202494,0.002578715164766833,0.00988537165751762,0.10560826699118463,0.06006116499468285,0.015190860973451428,0.012726784588502313
61,0.03374665723515932,0.007161578257727308,0.015052780222637474,0.039215962252030105,0.01409862524090116,0.629281885708521,0.015576634076846665,0.041758729905276466,0.00985597345802248,0.017420495266707123,0.04343618946557828,0.018159650993396333,0.004476392210563641,0.0070527209088510545,0.011314156341245982,0.04404514638496944,0.005751332831633875,0.010424078430782502,0.013866993116829467,0.018304017692320457
62,0.03237009954422945,0.0013743080162539347,0.004513082530506383,0.0008473091388170033,0.08539564153804532,0.0013496336109535695,0.0019007717196163657,0.001350091626440567,0.0033222812434572824,0.02444201437989462,0.008653439380043499,0.0009968774264933558,0.010533243162215803,0.0038048303123604343,0.0014758171538373625,0.0016572740971561408,0.00036282159645596073,0.016240615843852717,0.7848659553898051,0.014543892289565073
63,0.015797130166573053,0.03885189246708824,0.0009371981993808655,0.0036052831371027466,0.0015091355067755907,0.004747861580566729,0.00047994243368128345,0.015638123554170217,0.004078843797842656,0.005556522379356324,0.7915649714275975,0.004320847296083486,0.0014444879732711281,0.0035523978310820973,0.0009285598793816073,0.01004534347150634,0.0010648251178119463,0.09220324919375403,0.002832925783000776,0.0008404588039733994
64,0.002492968391695428,0.03401925828429089,0.008248752423680575,0.010621832380726866,0.55015118993265,0.029910171089666936,0.002549010531856206,0.01415830080105201,0.007024840762003461,0.0032033921230564893,0.009558316039923985,0.05209559627599838,0.00213591655048671,0.0035922431215145373,0.0017097877582321808,0.011742679746660508,0.029930948080629908,0.006967728231798196,0.004432093980048828,0.2154549734940279
65,0.017952729553818502,0.008628573697091736,0.009628130199575816,0.016359344117463245,0.00702769970035669,0.004236099058371843,0.0055546278783657555,0.008363128054001407,0.07922705023249467,0.006143622282004032,0.015179517799697286,0.014493214293604933,0.004079600708674891,0.037926874224271975,0.012912757463066828,0.010845789327501347,0.7119626778983287,0.012052945064874504,0.011903545029577226,0.0055220734168587625
66,0.0018083689106689305,0.006497509680713149,0.0051808862615157466,0.007092946529418674,0.00798077641310346,0.004571645811545115,0.012338280537854329,0.08383277392595101,0.016101663905745075,0.7680978550103873,0.014814372452697932,0.005518927874523209,0.015191311136782551,0.003323371455639303,0.0024565182899467302,0.0011452189203384037,0.0047615870762909105,0.01819727963998571,0.015849166382665213,0.005239539784227243
67,0.047057000470626775,0.023099930194524335,0.006382577567001874,0.015208800477323555,0.004083823545347317,0.007300147326473197,0.004615411720735586,0.02959108569408207,0.009238413940124129,0.002073377094032807,0.026280515224456406,0.012957861666869746,0.013042530465348978,0.009715980193397686,0.004816677601731126,0.006476392304335153,0.7374822932399893,0.007874000522678368,0.025734808083156258,0.006968372667765314
68,0.04787723774572595,0.014247849893699276,0.02308219592678433,0.1170325638497412,0.005309244164233634,0.049429803298808236,0.014298757586483777,0.009543766115443482,0.0064177373125293745,0.023866852764396127,0.03672030865773085,0.013400562336609769,0.005149788513610906,0.015500661265154625,0.00993280364808801,0.006383560139216699,0.007795418952221147,0.5544214918818332,0.02609463650449299,0.013494759443196494
69,0.06917775549192942,0.05449349529831777,0.039235278897439774,0.02041442913572808,0.03800717656704274,0.005437418847161996,0.012058722232149247,0.006013313430879382,0.007149049597856099,0.06609004275103927,0.026704198533753942,0.02167921504141388,0.39778295926457596,0.02127650456145564,0.07345644620190891,0.02540318230504666,0.0477995161269335,0.006185884155325824,0.010220981040280396,0.051414430519761564
70,0.007638790711697139,0.04448359262967403,0.018618591716534568,0.007639735748511746,0.012843547043368389,0.06372936040596226,0.016730465702186517,0.030676535098604848,0.005806274850523355,0.0018848893664170625,0.014782683110970953,0.031124631529876122,0.0031884134700660986,0.007693272430921517,0.03330811922704688,0.6658903391605718,0.009143072057173204,0.006031534303880934,0.010256738878835771,0.008529412557176909
71,0.004555662414768917,0.006010306285743941,0.012025782103323697,0.7517259145854942,0.006182835440450809,0.043538440241396935,0.0049811451597011535,0.005338914298301158,0.0746658397080177,0.0014282446262536333,0.010686188668962811,0.009210584038812366,0.0024608323390857664,0.0351338377924785,0.003389277486084453,0.0027280610602768898,0.005572531902221098,0.0030489787038363594,0.01308215258989631,0.004234470554893216
72,0.15335878818726972,0.007752182481595607,0.004472992690386283,0.007222329077996964,0.004778762436523482,0.01501160855977447,0.07037753738959114,0.03524329310745211,0.01955631232521006,0.004858601640733972,0.016710886297812314,0.00754558437185049,0.07994550797931049,0.03884536313952529,0.3450918838974866,0.04935334656612747,0.11321052845633539,0.00268961909049876,0.010327212244096001,0.013647660060423355
73,0.002963486690361979,0.0013601906093987158,0.002774466834558234,0.011063457488156016,0.010164667568389057,0.10125293382880106,0.007560244685277432,0.01375974932877816,0.15853289612851795,0.022238436896797213,0.02315529560353018,0.09958218707126147,0.11658185929790543,0.037543017029909975,0.021157594818825724,0.048743234830513495,0.10615745791838854,0.21081681335195734,0.0010493859636533263,0.003542624055018668
74,0.005988430827457429,0.003992240143059244,0.006624781263947507,0.026270943929967865,0.0031486587605997003,0.0015070850110703255,0.0020110866654948147,0.005931309360168789,0.0032315781603510438,0.43813448060165167,0.39568226421515484,0.0022943468204697807,0.0042356180550571524,0.01740812477982658,0.057083016143120564,0.001265494558620389,0.0012906939835171567,0.017970521303746854,0.0023460099854536523,0.0035833154312647467
75,0.0028852996795182806,0.009670867109951999,0.012123427606675447,0.045661966813155215,0.006870806233313935,0.002349987750634368,0.08383726259435818,0.0030125092982829327,0.20195454348837624,0.01090921829672856,0.016137979518704746,0.04038626101953411,0.02200502431546956,0.5057455204846116,0.012420599975929014,0.0016354124608826712,0.005997305621440252,0.004351526314640168,0.006982196651842611,0.00506228476594992
76,0.0035182487985063304,0.046132155170616605,0.01061858136218961,0.008001959572356481,0.07096304046718263,0.011373135096028383,0.03660459280504864,0.012622885133571442,0.03492935225789373,0.027351247004123332,0.027176055517606885,0.009125426062399456,0.006621737929150862,0.010608786988477522,0.6214613644566856,0.021991854233521877,0.002081548374940152,0.006433055005181047,0.023329302760313027,0.009055671004206362
77,0.00421803444627931,0.005510835973185142,0.011168262448084765,0.00756811065296619,0.009782075467088975,0.015059511843482653,0.007129659784532965,0.038838848962602444,0.03558696284557608,0.00896681553965637,0.017496140780178648,0.011650796500763644,0.025685132326287555,0.005340441731427535,0.7377809287809695,0.01830583009014475,0.006416630340650538,0.0068594097923099125,0.01176507043893186,0.014870501254881251
78,0.0012103998851463467,0.01075659735632916,0.04307224653804578,0.0032847193602651105,0.00812828939394138,0.023540380551759086,0.04844977202879911,0.0020463182141112176,0.6571936847676718,0.03283700497907903,0.0032626054663649684,0.003464959632127466,0.0029913173465833504,0.005697802611445418,0.1408511444379534,0.0013062747646584967,0.0029659679460609153,0.0019477143611168208,0.005695131582992223,0.0012976687755488622
79,0.005507482924647202,0.029602148615910824,0.07244800853924958,0.006659026421397117,0.44647730599844937,0.10923494682362962,0.07381533910284402,0.02797496834060587,0.0045639408762182705,0.006527198728641534,0.007626492101068439,0.006596077971529803,0.004752468622877351,0.03039933174421842,0.0033666556750159018,0.014733621800199654,0.03378390901524906,0.004999187320347786,0.004957136072488883,0.10597475330541133
80,0.028014393155541405,0.0068789137662731295,0.012830772575813259,0.011786153776196729,0.013076460827625789,0.016520763588905918,0.034599477868719176,0.05720032932385526,0.015181747978973056,0.022567044484287743,0.013125561246081741,0.011637566045990772,0.03986042449946708,0.003885919530255569,0.009048790667226358,0.04519525457172358,0.013591838239171363,0.47412369954501266,0.012740760673459129,0.15813412763542029
81,0.01201186118968045,0.003879227294868646,0.0028084875785373852,0.04110395282688871,0.07982174110143196,0.016461656047122904,0.07738864523984061,0.001958235244318202,0.002571660962699458,0.03760497276279621,0.02286308475688296,0.2556616511965475,0.020089136467630386,0.16857019000539167,0.007470582386799617,0.17045228291961392,0.03262499511435797,0.02030742306880662,0.009390265664568272,0.01695994817121659
82,0.028496694133552762,0.0009317556003709883,0.011811857781371464,0.0019977039250792337,0.0027814073077840683,0.0039609430325323845,0.0022422005005722683,0.8104343322245844,0.006423667539865782,0.0017052413106984088,0.04594664949036403,0.028457451596917923,0.00039032459834312315,0.005276166776474385,0.0021350115665439975,0.009348751886620241,0.02135840784899353,0.001181875773949865,0.014321766414359883,0.0007977906910213042
83,0.35842318826281955,0.005814424265040209,0.027513370165008644,0.012184221999423218,0.0038362042423344617,0.03162405320836549,0.018009211244897693,0.27809995734152976,0.007142601902394628,0.008556493988870678,0.01659119243817727,0.03085448706521771,0.024660455882528385,0.009074343316418109,0.01679240729583324,0.022518888202459123,0.05648752541783617,0.02334472604351024,0.043164660378485764,0.0053075873388497225
84,0.015175866840522176,0.0031946072527265583,0.022403311849517996,0.011872773586887665,0.06974426828272526,0.008008864472114243,0.011295586751228565,0.035419150910555905,0.006175361057415867,0.39864524426451314,0.31080791632007265,0.009520272219825456,0.0119122759621971,0.0063613080753616765,0.013277563942808683,0.017743926985239786,0.005741975716537453,0.029712397308144796,0.00705502844508412,0.005932299756520866
85,0.4096489025840736,0.22079946878262732,0.08170977343272304,0.010988325283985911,0.004456803454623386,0.00918065206061528,0.01768400239759939,0.012704623605157554,0.0061124605113867525,0.002253159235023826,0.022329241765396142,0.11140247700733141,0.014413712015780098,0.0007509758805584355,0.008117054312059741,0.010986632129073868,0.015428494780869106,0.018781817725228894,0.007479547242709057,0.014771875793177111
86,0.03079992043488237,0.030464159547378307,0.0033186456178458264,0.026363025580268578,0.005411376638583648,0.1614200439511272,0.0018440249656171699,0.003979687692941674,0.007086215817060477,0.003484655793566941,0.003403742499619692,0.002112090949494233,0.24210364442243945,0.004095233533250053,0.3459160436972323,0.004520423118855852,0.006590893439016642,0.032737581227309374,0.07432281695877727,0.010025774114733035
87,0.01716254597880984,0.03593801292817818,0.03340309889750191,0.0038229388788903313,0.0026837982089858406,0.002877551639618586,0.0028753001003274017,0.08691860610219883,0.04214909325227208,0.013752147962216287,0.0022674922794792083,0.1194867487188658,0.08512942311448243,0.008794940344612166,0.0010205094850364307,0.0531030670932136,0.03145663403793319,0.44804546692335906,0.003993908831529627,0.005118715222489199
88,0.007938651302730684,0.004845739811459748,0.002613095369509609,0.026853085789689476,0.04528842967485896,0.23840784380622818,0.004842401776210569,0.057085214910416945,0.004930641146685734,0.28569238952123865,0.041305821199915875,0.019080121198423387,0.00579518321332204,0.0020916420257354757,0.13099117624557247,0.023710124571237255,0.01408393322571267,0.039944319890269954,0.04000876025763635,0.004491425063145987
89,0.004718286975130052,0.06138583595226746,0.2992454490381935,0.33015808154284243,0.007020615904015543,0.02248228739236713,0.07827397090748037,0.008874757490098997,0.016263435675463272,0.001943550340969476,0.028085593427524622,0.06718180261452031,0.00563785943639463,0.005431782449162347,0.002753774246499804,0.03260493709881707,0.008738609351913566,0.0049657828462647165,0.006667500069754485,0.007566087240320209
90,0.5728500280978642,0.006106955917484944,0.015268350991134997,0.007403050961938555,0.005507184041498627,0.05430900453931899,0.05149244831836586,0.053863791151700535,0.02689164727268601,0.017366336663256588,0.006479508494599084,0.011902570531266943,0.09776077343388868,0.006641238632660729,0.015345804614578348,0.004788771971556546,0.019225949994506875,0.002263026245908922,0.014622838060232988,0.009910720065551413
91,0.0052947239370949506,0.04358418878105788,0.025265287417024784,0.004028181050524613,0.002709372715148269,0.05672572237369058,0.030359946778245397,0.0008690087567315649,0.03051662945822266,0.008033655420644308,0.001739122866842422,0.0719209911554777,0.0008549898498684032,0.0022762809908608156,0.023503393401341187,0.005992927175826161,0.02218241756948194,0.6548042964110872,0.0056073465440769,0.003731517346752292
92,0.04680452513990879,0.004245074456357855,0.01790669881125393,0.02376623718299026,0.0072799646432570655,0.011766318423770704,0.007033391296690803,0.0244394619817424,0.01779536891055971,0.005652704234206279,0.04091052544065066,0.33536391572479995,0.1341998944244213,0.024765302068900708,0.044950852122059834,0.17599441901307036,0.02514195519142578,0.017982952311590777,0.009272411313577783,0.024728027308764996
93,0.07825418583206484,0.0035891694626494974,0.01147966579987795,0.019914734200487744,0.03579381555010475,0.01070496301669033,0.21273920629617238,0.005116440750928629,0.07104829987659843,0.015950540963218747,0.2028390808829326,0.01135660893641798,0.00693132608386766,0.02868596725826481,0.07230274289104853,0.0455090881264566,0.03733913327971965,0.022792837079607314,0.02167712933406342,0.08597506437882817
94,0.015037699546231175,0.012620288850654807,0.1977531225286547,0.02106930421912368,0.014285164866235763,0.0818420656928949,0.005475124885108464,0.014956977833303395,0.46244765341818383,0.0025105882717687523,0.011254205781345972,0.031342990018375844,0.019512360593021607,0.01717560630260144,0.005525168259053368,0.00869386767037515,0.01043520664401367,0.026263587905072102,0.004090402091394478,0.03770861462258683
95,0.08194190359869262,0.08018632636646249,0.046108898409691144,0.05885225994711243,0.007238601287007123,0.0059939873612342215,0.015176352486676467,0.020319965276080463,0.325859881697623,0.012675689299955559,0.022333053479542234,0.025364718260899866,0.0018725753453183473,0.013451749946660896,0.007194260998899617,0.05099134965375074,0.015786779624715398,0.1458398686130314,0.036352861226000927,0.0264589171206451
