site,A,C,D,E,F,G,H,I,K,L,M,N,P,Q,R,S,T,V,W,Y
1,0.002005973166079756,0.006622143554712105,0.00522814736811206,0.017380762323474207,0.2607256675741486,0.0007735490108735837,0.01194933997096536,0.04908908579216696,0.0020532759498201832,0.04892267487585045,0.38106122764562206,0.005443641411462275,0.018409054129898062,0.012776993864163748,0.006433184712495528,0.09128132059161667,0.06243898950101433,0.0017267456398492953,0.009440089670368799,0.006238133247306008
2,0.005290771985498687,0.05705077596032684,0.133895516215981,0.01413516754467343,0.013496999077248122,0.04404472315834096,0.08303206505955245,0.07628043151632712,0.006057953661522295,0.053938799724823766,0.016428411458265752,0.046651284278304374,0.008050169682814771,0.036467261555549565,0.01563219984568639,0.2964413495843162,0.0273736307166688,0.005577889310634928,0.005315181744107313,0.05483941791935722
3,0.08541270673563914,0.010392105815717199,0.012479176672573809,0.0033689082912098014,0.012946763228276873,0.001927760684294811,0.015133948913359868,0.042637875368674326,0.00330996752164895,0.5281710135837584,0.014383434348630991,0.0037977873490849376,0.20624259067469247,0.0031812972160011376,0.005309942628125908,0.007809472906195207,0.010887715515211912,0.004496590830325669,0.022562695142220486,0.0055482465743580235
4,0.012375918006965556,0.00697093848343809,0.036253221144149646,0.019306176963004778,0.007279299420538115,0.02769760862077861,0.010411019298642105,0.13755537643888724,0.0030079496281641654,0.299678262327783,0.20122186382744767,0.026907742398073906,0.015913217602032473,0.011753360002176057,0.009345244799312783,0.018109453910508725,0.07926993994927564,0.02958652746016199,0.041198535960136735,0.00615834375852273
5,0.02075190876541149,0.010573036429302811,0.00662340145142648,0.010584176941489335,0.02167642070432312,0.005482156535192043,0.0074823172482632,0.016127607164655087,0.006995376905723349,0.010895956869544414,0.014963229120478204,0.09245834703569289,0.0037808050425393175,0.00900496955956173,0.00585975139417111,0.009237315860903716,0.7137374773853323,0.006723760241823257,0.016312042726523906,0.010729942617642126
6,0.013982456602889633,0.0035163484358393476,0.05274613763007028,0.2507750774840122,0.0041034916961181665,0.22233296022736754,0.004388658491883452,0.0034132666163190434,0.017052657416699042,0.003366847072377966,0.004694431474693023,0.0024859888838630064,0.0012864105711676327,0.0025861794887916097,0.003513961651644636,0.0028199094488097513,0.2969343413496931,0.07742791116696075,0.0037009350147883795,0.02887202927601145
7,0.018966543895557034,0.006819924458322195,0.009434458827472505,0.0062855080507461195,0.051037646981098306,0.002618322793505978,0.007899177909915844,0.01934031970156886,0.007702776773873193,0.1245588814505546,0.012458582606926014,0.005269365402539255,0.0027189489980882263,0.0061534119422380325,0.002611780857219335,0.0031173878722391283,0.028425568711647465,0.6534012951012909,0.015280331766382266,0.015899765898814887
8,0.0367890348402144,0.017431629664156015,0.014753169854536776,0.5749663075452803,0.008303119134993457,0.010583866808127673,0.0049714869750912645,0.005715307536477835,0.021618581337033527,0.02917893897730505,0.021603115147739906,0.049825380451321684,0.0043732107427518945,0.02597010582069708,0.0030270539511948664,0.053970448935034145,0.036703984113909904,0.044522596562047205,0.015101650890314641,0.02059101071177231
9,0.13666194307308746,0.007968688087709291,0.008562377739172544,0.0101861855869054,0.008309524038053333,0.009962487672137728,0.07286557840476285,0.022443805616898335,0.08354929768641255,0.021723976282426456,0.019550272156371593,0.01456222598811584,0.012243580365269057,0.007898585759774705,0.049516296321819746,0.00535319964589016,0.4592379872910511,0.0032437665072039506,0.028335128966812867,0.01782509281012496
10,0.04874511192226692,0.04091734880047178,0.0022513174177249823,0.011800993649516648,0.03672484653393793,0.0013913914892726108,0.0060189655017342004,0.03375235529619843,0.0025982493971089668,0.047479687546607634,0.0550229032696005,0.02100443298477528,0.025058319179836246,0.19157427741206728,0.0062286073394264875,0.014491172657600072,0.003632015141724696,0.003282062496711441,0.061461603604265266,0.38656433835915266
11,0.19845423510892918,0.014265000019969335,0.006236069126816862,0.02698425195131075,0.004579827036990611,0.004043994775645514,0.0033849547410587156,0.007431607295021621,0.010997274338715637,0.21279828458777325,0.005264831493724897,0.013222129567385263,0.0012565133903820642,0.00890477423949682,0.003902502656626698,0.009960579976938402,0.021993352609433633,0.3110344673282161,0.009485384674540872,0.12579996508102373
12,0.0011864885931046388,0.005998359596510895,0.00853124724194833,0.008284615978193032,0.00565411147776532,0.001243686549443163,0.027562661194787494,0.3398994131861355,0.011184368284336003,0.2737341500013761,0.1838872860728466,0.018995827438068304,0.006615748428513389,0.013262563818753638,0.0040077131535673615,0.006992960935224391,0.036525517614096566,0.03657720163501004,0.0067263525311331675,0.003129726269186125
13,0.012372583250073219,0.005024063238095969,0.004561036257584591,0.008901804539619463,0.008651693921949224,0.00629741696941801,0.0030513365796686945,0.20966662126562197,0.0034483710275001107,0.01080362532688862,0.008599107614387938,0.0031545515502953508,0.020115651460628176,0.008324880724802647,0.0011454034328792551,0.44764679793934936,0.047948037014566354,0.11573637896645766,0.004999013988925836,0.06955162493128751
14,0.026392896171364845,0.004687926991983132,0.0059924661254116135,0.00633042833497379,0.006495277052114627,0.055049762580162136,0.016906868872213984,0.6805654101324436,0.006377882235395164,0.008582592359815571,0.024615617781212594,0.01580434399011775,0.0033770407156940778,0.004710620092357336,0.017569060221764004,0.009812997924180287,0.016963497755525418,0.06892999004887972,0.009508637698544346,0.01132668291584586
15,0.004752778820114025,0.0047266053642759775,0.004245954986801954,0.005361218826485813,0.03138287505431621,0.0018460793278383299,0.003944771051351828,0.35880198718224376,0.023204723241863602,0.15991686152903056,0.010167472209389884,0.006582288798362545,0.0036975229983142754,0.005268958401883113,0.005282093104607976,0.018905378513034803,0.3189134050355262,0.016027058044131456,0.013879347178513876,0.0030926203319138344
16,0.010358135517927709,0.03202308200704073,0.006613062000969056,0.006590145829234478,0.008232188419094118,0.004803558019613627,0.03448170793985008,0.1086783098385537,0.0060947122314371615,0.03313555439443782,0.01592804446447198,0.009774466029879872,0.48229427672317304,0.04964188859269965,0.012282723797240568,0.12546124468031314,0.03338045192685742,0.0036787227846859258,0.009504718499858003,0.007043006302661872
17,0.00121606923741034,0.24133998677442786,0.2508734570557665,0.017518770331856892,0.012210124761554295,0.01172487295089172,0.0070698555695919655,0.008893741439379519,0.004357741212115912,0.015120395838997581,0.003344060755128204,0.031895721716552375,0.005104108833192798,0.0014733838891145658,0.0023459204592160146,0.18370981967977465,0.1367720664122014,0.012676781126218678,0.0024638377493102896,0.049889284207298434
18,0.018991433062440433,0.012719142973720059,0.02246182060535204,0.009160461967075071,0.0052797105313519,0.803915200200315,0.005997811252309114,0.004805771951605387,0.0062953054255405,0.0028526344885283893,0.01467298859513511,0.006135110435366817,0.0027033487136102936,0.006046193819637642,0.005133534969590251,0.037130022438796324,0.0031104097234865577,0.020009206353205113,0.00783729614811653,0.004742596344817515
19,0.0027579607484432044,0.005391984290746817,0.024586547953720155,0.014976618134759952,0.005118519423643567,0.003161189445224074,0.09096600896510754,0.0028748598875069148,0.003808477950405272,0.005343752998618752,0.007129688915194871,0.0037836094378405787,0.7134515904747236,0.0032846746158434735,0.0019383666915901959,0.01688536275545166,0.08010453265956846,0.0027049272951230564,0.007059372794805727,0.004671954561682094
20,0.003176785362676543,0.004885858708308064,0.004882873874876581,0.005344754783146057,0.012900697482422358,0.002467115514792731,0.008923416685835265,0.024532199234809548,0.005768528152668766,0.8616130003051543,0.011000635216441665,0.004496892306151355,0.018303699210319158,0.004785837094904492,0.002012891696129495,0.006381437252578698,0.002480328626084183,0.002372407694561403,0.009499110150801918,0.004171530647337368
21,0.004142943901430768,0.016945147185574418,0.006297291219772284,0.02771030543828676,0.007964787093268193,0.003877114949358928,0.00382067931341181,0.009157899536219316,0.7885873066044352,0.003244771531538038,0.008403521038630232,0.014577476727808123,0.008297176541012443,0.012586835196361931,0.004396028494262079,0.017011226793537382,0.007925348234840195,0.0038437822013247624,0.03684868130957373,0.014361676689353387
22,0.7769091634714901,0.006046195996573002,0.08425507118993501,0.005382826156703017,0.006512263605496932,0.003238069351858109,0.008868824442728067,0.0058864105397353345,0.008499786514881065,0.0030760696725654034,0.017503537154717214,0.009258677262932445,0.005949345367611659,0.008686725820199396,0.00197297747629547,0.010813752595881717,0.011856262493947315,0.008885897648213128,0.008169631163019704,0.008228512075216002
23,0.022938578451021485,0.011255084830648895,0.004439369389984131,0.17736151709500184,0.005431332429384404,0.008631389770664381,0.0246282141465971,0.011610000101449788,0.01372713032256448,0.21962060475036937,0.2377386677143404,0.019452154217049735,0.008112760427408853,0.05002311784739483,0.012101017780009332,0.041683002219995643,0.0051775088871226045,0.031070318195192077,0.08851098343261075,0.006487247991189861
24,0.004682421610997573,0.01777489594177028,0.005971558714890388,0.009441612594204181,0.015650261846885997,0.0051034439281150085,0.006256054086823262,0.5013671673483732,0.009467573277311094,0.26391951277474957,0.03353799324902148,0.014939963506838743,0.003982209998915678,0.01613668647645192,0.0033427545669253603,0.014068301114906461,0.012970730139721297,0.015127800856000306,0.030068931948456615,0.016190126018641546
25,0.7000584985805692,0.014413683938839267,0.010442844699850013,0.02435245933392431,0.013174223553552312,0.014461937210334862,0.026914537283121445,0.01950688897774,0.01513525541858835,0.00562694930234746,0.025798016293395027,0.019623060808443445,0.006697425950755128,0.008961601218026085,0.010270487522070718,0.014106116367427722,0.025914991013489562,0.014498160996836413,0.01704653382855007,0.012996327702138544
26,0.011261026360626779,0.008509111587674112,0.00976858393531875,0.02056016197673589,0.005873252698472962,0.002162877797627625,0.017849160704165996,0.14473979722001676,0.08357698453995925,0.01804286559799835,0.02755074091898,0.007243319235041431,0.029289024352732746,0.3812947884754965,0.045950109681718615,0.00602584229595838,0.08494364450107197,0.003818234234021987,0.01994796811452232,0.07159250577185952
27,0.008889733406785942,0.3309360051758864,0.005538184696658407,0.01590816388411499,0.0050019828847567595,0.01116846955271839,0.0038255615350583335,0.015472438007150806,0.018677662985839293,0.00493432774944992,0.020723914914211,0.010930837398854682,0.02164165504994398,0.004789954804011876,0.4741976110061768,0.016424250282081432,0.00455203631084101,0.0024884687315555143,0.019186578205262057,0.004712163418642379
28,0.021051581610604653,0.03205684133853646,0.01314457473803939,0.006341462807488445,0.1760087870085828,0.007244681327323839,0.014076654509789751,0.11956096260274837,0.01316266633931754,0.42668957037244015,0.01418168397399148,0.007660686829670564,0.004916973047054163,0.023294200706919666,0.024964608554964775,0.01190847921924949,0.007346630781881254,0.00941683691998449,0.05947298764796859,0.007499129663444117
29,0.015014789858766508,0.021565986453524193,0.009717677559257691,0.5367490281021091,0.03809046555423415,0.03967588030751725,0.016592037215026282,0.007033492241894723,0.06509573736203977,0.0044884092419280475,0.023941089952530005,0.03021102617250582,0.058467600754426634,0.009767898087533837,0.005218731739654689,0.05634185566145719,0.014023141551303004,0.013240695851189348,0.025595539727099187,0.009168916606002494
30,0.027671312260036853,0.07972400173099345,0.21764743047853485,0.016274023263558857,0.08048934480141051,0.026600932782271866,0.053410804197561244,0.004235460061790914,0.006225142990290785,0.015080390268997547,0.008855459239245194,0.04266290518176629,0.00728631604901057,0.10284401397657161,0.02467075472616804,0.030094974717485536,0.020777068828903095,0.013709984590449654,0.006333022145853128,0.2154066577091
31,0.02114761471540303,0.003756983679784298,0.011038601025611373,0.43467779959220554,0.006658321570384342,0.017346560577614616,0.051480502864688756,0.01649809723111324,0.007294746126348311,0.012103902556011882,0.02601965839802499,0.015773910610591687,0.001308523701325442,0.2238917724773496,0.004461195740854706,0.007946679711296416,0.015778274891346453,0.11083348561832582,0.004806870567696493,0.007176498344023105
32,0.04170483910459057,0.005117220434070828,0.05384375055696431,0.0064115191276403055,0.4794838605386054,0.008377407248707785,0.017688412585183496,0.1621280606821277,0.021499947886039025,0.08259934925836612,0.020578539038890016,0.010943956522265116,0.018971159756775154,0.012746653993070473,0.011541717437949222,0.009539814435836447,0.0026429082367036374,0.010249842481930359,0.010950305623246288,0.012980735051037752
33,0.11904650228422217,0.006663224399877164,0.003196609981783542,0.03052764127970063,0.006463733408884332,0.002384940672201416,0.011564115604585158,0.11159298663059435,0.004628664147800258,0.001329803034143535,0.007582112422402817,0.003562073970369988,0.0030319223728669823,0.004410660332395761,0.0007876549876799548,0.04466321385383432,0.0027302241743127928,0.5902451613061583,0.004361092900421483,0.041227662235765065
34,0.00959745618057343,0.014502476154199362,0.01315644076912738,0.06012538833215977,0.16460290907896377,0.37740635061458067,0.01173864380258317,0.03174596375907019,0.011572587277413546,0.010789822002982478,0.06045639749387587,0.02063312876201156,0.003317068368746102,0.01250841796808665,0.06952941190979813,0.005039357215058939,0.0039023433318300625,0.05031791011592573,0.050388114313718896,0.01866981254929432
35,0.4045026557676693,0.0053050221599279905,0.0026700986263282107,0.009664508872419202,0.005781509277539384,0.0035792373615338735,0.16703760637271936,0.07004562468543854,0.1386218558139587,0.004854036771380707,0.007338975662585443,0.06065279801686852,0.015384075891869083,0.04661610482621962,0.030551389007997427,0.003193606028770186,0.0034844401469893128,0.008121053749593373,0.0072908024817281486,0.005304598478463679
36,0.012933876767453296,0.002927204076043983,0.01050066601275547,0.0034553252604962587,0.032962593270865176,0.002897176520943802,0.002462081125525792,0.011934627895614681,0.020095624236988817,0.015386886112419382,0.006510942104350673,0.0444387965188972,0.0022419419247876205,0.4301716001321751,0.011767404213884043,0.1640471577762076,0.2134842522263391,0.0025579071157756216,0.0038622039539380473,0.005361732754538297
37,0.8449072044106942,0.003742107018817774,0.0013464841199666603,0.0020079182379435807,0.0023252562684531425,0.0029636819841662144,0.009251794459566441,0.013307203883973133,0.00856918608075708,0.0010822636023278722,0.0028567558225569964,0.01317312027127212,0.00962449351277088,0.0015228315405187466,0.0023950126433849514,0.016989821383377596,0.04691498084293645,0.009604411570093445,0.005861469979310851,0.001554002367111948
38,0.09447748501531922,0.040912075243490074,0.4132732531580284,0.01984209560320605,0.1103069019031795,0.03358942465606348,0.01129953690027099,0.01248527720411316,0.011404079532430552,0.032671953273515034,0.026549869411464477,0.02068763594098897,0.0015748986093012838,0.008770609429657704,0.017145468947632414,0.00754703206297058,0.041455461737573134,0.04677689247386717,0.01277725778106687,0.03645279111586101
39,0.028495913549110408,0.015406338832552723,0.006122277068447189,0.007771210182357766,0.14080672097329186,0.013385937944412615,0.2037695612494238,0.031888564340015954,0.009777008692495315,0.3505273278991789,0.0077768124198268835,0.03432749049083004,0.010883715324740816,0.03929660249607416,0.008265000025793756,0.0039196988733719695,0.009893455767281584,0.03190966868412971,0.02799628076791522,0.017780414418749262
40,0.026571355532021626,0.02953304791894525,0.04265885265181356,0.3942078896445082,0.008729359530211448,0.030701442436266102,0.021748231796738404,0.01885607045857627,0.022106748382367557,0.054268886852542685,0.009323374840598838,0.034854112703066896,0.014953927057669935,0.017850902258247783,0.014778559972729692,0.008257667037081706,0.14681264150251236,0.07570165892658529,0.021793810483539358,0.006291460013977043
41,0.02105509117444837,0.04917316369303448,0.007808882211919116,0.009678302005404557,0.07378145296339986,0.003637352452236702,0.012853680432079323,0.0228099814854362,0.007069829450304608,0.1618289206087653,0.022097803311022873,0.021373962552868445,0.0018337999738242132,0.009887061975689183,0.025771002607476463,0.0338172154986818,0.010718550553479268,0.4545318522050108,0.0264635949235622,0.023808499921356217
42,0.011359145748152943,0.001049452859274681,0.00047403334000708234,0.0034512638443648805,0.005517532212624793,0.1381290612750345,0.0193263610970074,0.20779799311140856,0.0010003630212291972,0.037365932432475005,0.0013029053696257235,0.0056734968933086745,0.0007094533742048853,0.02182725365290384,0.0019488312665896196,0.061279843050821806,0.41134742828705584,0.010298114975787347,0.0013861055502448214,0.05875542863787849
43,0.004690861580880136,0.019308317887550015,0.00727707178319896,0.02647640630151746,0.009394513887878056,0.0035126465178505575,0.04288871455707391,0.043287758191306876,0.025238128924158446,0.03025913613702259,0.3588497906693212,0.0535816556642682,0.011617217780734214,0.04882736670647268,0.010442838307175439,0.0133896016231342,0.09800389539594534,0.07202239485621052,0.10666006085773283,0.014271622370568338
44,0.00460345921000355,0.04283647915906072,0.0168399741384793,0.48434757865001227,0.010170690199497793,0.024266333286877075,0.016684671853083546,0.022424631149818627,0.0743974384703674,0.004991340928225224,0.02535444660752768,0.00881726760253217,0.0054471576530839986,0.02619846778550242,0.019581348293021012,0.005268454419324985,0.012895635912380249,0.05093354620232413,0.0971595409962912,0.046781537482586635
45,0.014555282754773594,0.07537261596644891,0.023955213119943836,0.030463121350332176,0.013156773008394237,0.04434694701959911,0.009735015429450655,0.009894303915906687,0.01356519346043799,0.049299851823712694,0.04229370104995768,0.020354836025984917,0.005895497550478892,0.009715650972612018,0.006091953524097725,0.06834228770518694,0.005518800484080947,0.010056747929771927,0.5309377126415291,0.016448494267300086
46,0.012695818891193674,0.016118586633615182,0.02001330357057739,0.019195602539323765,0.012790793834616357,0.020010128891063662,0.008497653396693257,0.049363558373864684,0.03883146592328974,0.5406827972182133,0.016712173464414896,0.02149155570192311,0.0067677202600362136,0.03196142772234481,0.03120245243912044,0.006992933958264601,0.07226611065303723,0.023244453516087255,0.025442117598567432,0.02571934541375291
47,0.010560416193199933,0.023463286790970806,0.012853380701749694,0.03544409860445243,0.015585385644826755,0.008129229849196682,0.004926240244962657,0.00892398313115902,0.656090395226493,0.023251455390390845,0.03907538949963581,0.022532382516189015,0.014099181479929564,0.02528228039660923,0.014039321272446992,0.005009137153858104,0.010054590043261848,0.03970262250607226,0.022200760351765377,0.008776463002829917
48,0.01651312463880393,0.008460417481533077,0.012196527476597734,0.013394635313464218,0.009306659465024325,0.010512188931323664,0.006215089138245714,0.020123557760513035,0.019107769613830546,0.021518861950328424,0.023703603376198378,0.024388736853234873,0.006141280969583256,0.0060315897948499736,0.012655247891171815,0.0031034930706059817,0.7435668747799491,0.015626003744847187,0.01950746921978712,0.007926868530107697
49,0.006321954079070109,0.04511198977733262,0.01764238365058452,0.04727791810372153,0.02243695992369503,0.034365189828715434,0.022083499223832296,0.04656788052270522,0.0242282401262543,0.005832740260222025,0.041238938153196965,0.02068110608817184,0.006556492527774813,0.01658185441673193,0.5262184012222298,0.017891315996002327,0.01912660136727841,0.020133192257120062,0.028606469015390927,0.031096873459969858
50,0.014252529014208799,0.006641609451783333,0.007056927241325195,0.005436871020769327,0.022562253814338056,0.021375323797199617,0.0138055558342621,0.009928129636585065,0.007904682490049428,0.034965047139111034,0.011231603929172372,0.005517930525894452,0.3020371200586992,0.04789019398945186,0.01545401252779702,0.059566717743034146,0.374269940274406,0.021769165785923347,0.009646361012631105,0.008688024713358493
51,0.014474202201254683,0.021849722930182523,0.010076683020312978,0.005140932892054697,0.197094768842089,0.034769928552592,0.007851635657486464,0.2725172691267017,0.017249422053430958,0.20735773647517644,0.0225704227971745,0.010374926155588307,0.02050182426871819,0.05737726258367228,0.0031782121054843952,0.02831970313506596,0.011894468799500893,0.03660186208561123,0.00976944453621032,0.011029571781692525
52,0.005752458844524011,0.017073204052820822,0.024539026280380207,0.014338198279313633,0.0082658672780811,0.0052510863308730445,0.007980065316601845,0.015026885702984959,0.030330420372451386,0.7078270114233756,0.05635453058144487,0.00917336780054032,0.009668079405587148,0.01579719908359587,0.0037404464446472957,0.010578696343606296,0.0050617628954630735,0.011929872360945889,0.028792840756958066,0.012518980445804635
53,0.004594991731310054,0.018253923306389534,0.011716251271549447,0.009422531684430678,0.010546677823684764,0.006097617841267065,0.010363818718914342,0.012105285920786094,0.01059895370623503,0.012223733908331548,0.015562008282583988,0.009076356868560904,0.012773910853420905,0.008166596208639819,0.0034381823758547667,0.8034785943611797,0.005267255754222035,0.006391782894816312,0.01785578185932745,0.012065744628495662
54,0.015884134643834095,0.008762858879082697,0.003200513785141829,0.0017885582410733136,0.0018478267579693302,0.45429313614197836,0.045614123239925426,0.14044735177146056,0.0018379458179806462,0.05032296092365911,0.052092616867560504,0.009414624866001172,0.09160459494020344,0.05248483199371531,0.00429796707757962,0.029318042088118217,0.02349179944595128,0.001907818370861219,0.008060693878633994,0.003327600269269861
55,0.007540156693382316,0.021135406308437427,0.006045840605735145,0.009413430431392778,0.0019366487760097077,0.014350222777398494,0.003363709139657813,0.0050144101705588496,0.6064464194630308,0.2089120813326002,0.04156387281089641,0.0036392550634496224,0.009119111787730744,0.008603450318441832,0.01723434994834191,0.0009164274343428691,0.003322141834435754,0.0038744990655657924,0.006917788465766425,0.02065077757282507
56,0.011405766979528359,0.007846058473867783,0.008372700296713019,0.013882657233161956,0.006379791909409528,0.0026574975666706197,0.007675496298404974,0.07142016690670394,0.16959368165807628,0.27336974860020485,0.008518541431046956,0.0616944873309383,0.010331488230519777,0.0054930311768573775,0.00304891568036197,0.008103547732045888,0.29433983219816584,0.0032464470533696854,0.017798786936468747,0.014821356307484072
57,0.03446547383176818,0.010272874998701042,0.01897530547044437,0.042589746438785756,0.045383867142256236,0.008357956437504074,0.008028150657786457,0.0671006678486132,0.3131208935159053,0.037062489009945056,0.012918199787890643,0.05735065559272363,0.029911458615740037,0.0216206467337247,0.23106311370616112,0.014281140353409456,0.0035149746766950664,0.011907602614930627,0.015615285636600907,0.016459496930414184
58,0.04151770078065548,0.00913449291039367,0.01618082541831252,0.04319152839245693,0.014558488976562822,0.21092308332987236,0.002141359032846773,0.011085234246079077,0.005930556069731757,0.010344458399140404,0.012578368497583153,0.005953305413179995,0.0025917960248924322,0.004838760149512601,0.005440259013343177,0.47947530832419216,0.005078979372820833,0.04835169828068535,0.06165129326739527,0.009032504100343234
59,0.020444898390688845,0.014948883428148634,0.008550584406258598,0.019070545475909126,0.03129957660518127,0.01320614434905934,0.015109549645126497,0.4131395916753804,0.019410880427066707,0.03200450745854917,0.09684159564712629,0.025197120491530257,0.05330518042718548,0.031125137380719484,0.021561607345777736,0.01492502197058559,0.015135506897707143,0.10943855930434682,0.03232387504164167,0.012961233632010936
60,0.01610187557661648,0.013475491844492898,0.04617405503436764,0.012643858049915115,0.10108825789991963,0.00488307201724082,0.03033171276174856,0.006782358897088441,0.00779435223968823,0.46646927434314867,0.01379171176020668,0.09482598783450391,0.003105265091170835,0.014278509349408188,0.01559018163653119,0.005126485048740303,0.08728136139938669,0.012862502624000044,0.02215040729348005,0.02524327929834571
61,0.007182091325724833,0.013251937877271743,0.035806360041424304,0.05636216582349051,0.014294919959407718,0.5678831663181999,0.011719143307038646,0.014278203203567699,0.016777423334869316,0.02344979042309312,0.026557040237751933,0.019212747875437787,0.012218598749476225,0.027422391275908523,0.046757459031717095,0.004610624223416768,0.037194358965026604,0.03132619558563588,0.01779824428342129,0.015897138158120078
62,0.007437231086429564,0.013066058071755827,0.029168068648581912,0.02050464924902763,0.3757294552128455,0.007485075764790943,0.004820250175032455,0.02003689606213373,0.013119922363542673,0.046075705263484645,0.013076035860486964,0.006297372701282757,0.00396560102986229,0.014645822512879604,0.0023326684415972674,0.05489909478515823,0.0035741302668426153,0.09242749355176755,0.20962994931688772,0.061708519635610116
63,0.008696030801745096,0.10319014030287865,0.004072110888528753,0.020862256821175196,0.005556276238029617,0.013215559298911765,0.0034148369249260343,0.06783360189565481,0.004384342572055712,0.0057192621469659725,0.0308211875262426,0.004572767781698375,0.000915548372292336,0.0036845750465744204,0.008547810039726473,0.0015655736454536066,0.4020003578494648,0.2821711033965845,0.01672747277016834,0.012049185680922907
64,0.005736678955158948,0.007592642508771539,0.016865030361855576,0.012195192712854923,0.5376627528338579,0.07877729538417234,0.00571912815898548,0.01098922815064783,0.01093087719955417,0.020449355719636804,0.016633650885988737,0.07296194910101601,0.010358203469787958,0.0078848031459083,0.03033219981630944,0.007278532331890331,0.018020255358580997,0.04419952265494076,0.037701099020239416,0.04771160222984258
65,0.05893431063935476,0.012219286280117392,0.021490016776167208,0.013291855976330971,0.01652346026919821,0.006367470166775185,0.013407216313253053,0.01030286169380269,0.06220517049301903,0.004658070387606493,0.0373542403107063,0.01247914827512209,0.008708369147159733,0.011977303760004814,0.007393484524533497,0.00403577875526668,0.6603251550169826,0.008564608436141635,0.016827722600898824,0.012934470177558811
66,0.004350724866743171,0.00977580788624054,0.014214919299600675,0.01534600365625268,0.021363210288240533,0.008792832898837725,0.011005995139256338,0.03552533739527378,0.013989608274799786,0.7153981653055367,0.021833946664277657,0.011289069355480318,0.04797181798814575,0.009290773033070673,0.00763024387105706,0.003374989414042999,0.003801644375844089,0.011426195307401951,0.0223135019265989,0.011305213053298752
67,0.017877764599943207,0.01932092283240452,0.014515412537077211,0.020102110247824424,0.01070598505735152,0.013171700242692427,0.009247317999688772,0.021538378199451348,0.021265076831657823,0.005611409803294276,0.027921653040789106,0.03151245008134379,0.026574887601806266,0.011508867391250828,0.005802245371784688,0.007082690111291281,0.6879263579952052,0.011413161728770273,0.022019644205237564,0.014881964121135405
68,0.01389282689884979,0.049039636552391824,0.05047459591947237,0.032925369384610104,0.028627189053671998,0.045663219464255916,0.024904392696088167,0.015239332984178252,0.019702738350247308,0.01790953837985728,0.018698592615078023,0.02470093509861368,0.012936995324109017,0.02346486448389941,0.010201912328398463,0.008893481727455141,0.018453509490536073,0.5381091780293805,0.030543293361295444,0.01561839785761128
69,0.03335043492681456,0.04091802601631534,0.02567043630144854,0.03434716045211223,0.010111981899550527,0.020017740539271456,0.051493991430564906,0.024581229998726473,0.020373667200973326,0.038751248354580846,0.03716744927996349,0.03861200382216451,0.46215641812843766,0.0291235306975007,0.009141541818132056,0.011295213523692055,0.052044756767262085,0.01395856758135845,0.02799037236894201,0.01889422889218869
70,0.012056322284720433,0.07014543311198998,0.019167482555843742,0.015970805388988703,0.016362263632667025,0.014005409436134438,0.017204146553086937,0.0609873724636677,0.01313373343066362,0.0033812290561713526,0.020500376538841014,0.02788912222697295,0.006725838678548228,0.010580806440142405,0.022981353973021403,0.6107646257949472,0.020590999889745224,0.010495817166775289,0.014370682274196423,0.01268617910287594
71,0.009061045125051837,0.010806750718743657,0.06075229738728947,0.7254267946829557,0.009063988466595634,0.035018672676603746,0.007766707229445223,0.005673558256541014,0.0211924480036697,0.005022633623648684,0.025702650673871376,0.009505378543889716,0.0035336332966390566,0.025497842249170184,0.005988489639723861,0.00356671130403853,0.006332349734282711,0.005122795560312439,0.015072261733655194,0.009892991093872152
72,0.0268447845252693,0.013713903174526778,0.008743211439046567,0.00949087544658544,0.005231363996110592,0.016924670748537707,0.009205044987070742,0.004006919451003247,0.006675153587484194,0.0862090821237454,0.006532604632955958,0.03667371704124484,0.1488233756533718,0.0179136011956059,0.264211264745896,0.0025518905398620047,0.08207782419837246,0.0034883374918301883,0.018528220914851325,0.23215415410662948
73,0.005195890370582846,0.0019263025752743648,0.005625199797342967,0.008863235708702196,0.0026418077418867824,0.19871825622620387,0.015953818072768404,0.07662841124404443,0.16331054637793485,0.04887926416619288,0.011508112129687371,0.014993755333650313,0.03859278935791956,0.0499217666038311,0.005921708852462948,0.012428949518811837,0.052088147212342326,0.2636462923177965,0.004001550237537549,0.019154196155026986
74,0.03266552899094996,0.00834315242946735,0.015008921973036342,0.009495171039698564,0.008481788718233085,0.0036583033910274282,0.00561590375857379,0.007849530481343297,0.011983874360848006,0.7204722335441898,0.061331970812745225,0.014023582071503471,0.0071396569530851025,0.02299508534395718,0.021746796058402032,0.002904695212719451,0.0050463163798065355,0.01361383679310672,0.010298167383566492,0.01732548430374018
75,0.004619212768652822,0.008092257010630434,0.011826082123574375,0.025452035716052233,0.007244803205276471,0.00421729092524541,0.146363186907495,0.007206072864719201,0.044537442375458966,0.007253523979501199,0.0224772758735981,0.03084957498141768,0.020221562151177323,0.5832296215326959,0.007762698528047037,0.004284327948277492,0.02022806199273405,0.01220969240411903,0.01311811640159603,0.018807160309731397
76,0.005767534849966764,0.030772283051629268,0.01546874792944175,0.026810571955219797,0.026824689137869045,0.006906245799661072,0.02186017962603325,0.012232215125522476,0.017743447404977915,0.0104836707258438,0.025076308381539226,0.012232349825644782,0.0030640510081769703,0.02141856901150776,0.6488735178454293,0.04073581566274779,0.0052472682058472535,0.005790257258767357,0.03502505375305258,0.02766722344112182
77,0.013396891966716786,0.016180980842766552,0.01249293412178746,0.008618206240132122,0.015220814470885299,0.015741443934446007,0.016007342364064623,0.12800218697256788,0.045075876169804026,0.006719449540520461,0.017747006522427874,0.017680678911972877,0.026172955538990707,0.01818746332933286,0.5894209670499914,0.00980343165870879,0.01507092040573088,0.0054134947532769595,0.010594348400781592,0.012452606805094859
78,0.026706720209303807,0.010302519244257093,0.0074158119199655885,0.03350187758254389,0.013643258434960967,0.00576534841619534,0.08864465578208919,0.018864180689538965,0.14234166461944942,0.03489682974870729,0.011701084031970574,0.018142754332342817,0.007036380652475846,0.01006863831586347,0.486189260251154,0.026176004505553418,0.004923012645325146,0.032947428828692775,0.010671964486292911,0.01006060530331747
79,0.006507292389053997,0.03189352200313992,0.09758566261553955,0.01559886980095616,0.3892584666497075,0.0154981086170618,0.008608210155549535,0.03600417709880619,0.018469971037827517,0.08623100774398187,0.15770574650252384,0.010926469975830001,0.024569014640351498,0.014189993606880594,0.019577425511470428,0.029665468667249156,0.013110151000208424,0.00633550956059413,0.012744831920798599,0.005520100502469342
80,0.08601448538269162,0.01832254469622512,0.04782899122884393,0.012876285641382986,0.033951505139247704,0.012215781978906886,0.008719590638979736,0.024149638974456055,0.024252963069493774,0.043415032050190074,0.03265394750847132,0.02523332305198388,0.01377382979930596,0.028933528028116974,0.00905373808858483,0.04096354851358085,0.004860308441779907,0.47756339434481204,0.046214493639936745,0.009003069783009571
81,0.012267692063574458,0.019176931172155555,0.0417385404148638,0.00487363627046022,0.035045863196006485,0.03754692482018777,0.010986718508472418,0.024595801048417222,0.04832474418243234,0.0320479384991444,0.010028358043843513,0.22296770367649288,0.008372688025775907,0.23700242185269135,0.05572501140167362,0.11615568412957795,0.04753189875451396,0.018841139008209738,0.008771756213713096,0.007998548717793279
82,0.03764607824125112,0.010868586642504851,0.048889626879522495,0.020366093874259396,0.09936550512923249,0.029346195920441277,0.021943736644062666,0.038607027756324123,0.054538385220988334,0.008238628145751083,0.015032675806039205,0.3596855840287232,0.010890621395538765,0.017142224354928348,0.1258083023088023,0.017076897269235145,0.04343851459199991,0.00919878496469834,0.014846783732055724,0.017069747093641244
83,0.18048145110175218,0.003008048121472774,0.05220651398388799,0.007047459020600436,0.02663466471296231,0.005087336739422829,0.011403341265148307,0.035570654915288595,0.007283083357710984,0.00921801840455645,0.011149828991891193,0.004315752904390082,0.0049057776464626985,0.010798173022862028,0.0018252847173692696,0.01473558944492236,0.02002330157123833,0.44409481100239884,0.140979419982226,0.009231489093436381
84,0.012735796392997474,0.02001667426065238,0.025351095772857643,0.014728724486635014,0.022970902744032753,0.010903267847716995,0.09807971320528033,0.05135080799231489,0.01226654500026101,0.541348875829558,0.03140531065256886,0.01727451267147108,0.05068173397600296,0.007251601308410062,0.013202763916891505,0.012835249725499417,0.011238224116233358,0.012943589602547899,0.008534074861079086,0.024880535636989186
85,0.015515704217268538,0.06631117786400212,0.0038395709460217245,0.012130143730166488,0.030288948487844813,0.007759875547785017,0.006709364083298466,0.028465995407848152,0.016188106907471782,0.08370617954086372,0.004954267866770019,0.18305920628924205,0.004742988016993638,0.016316572901955307,0.009960723798277287,0.02575646230445398,0.0947090821768947,0.04332951107043462,0.29117615147236536,0.055079967370042164
86,0.021542922006276173,0.058135816588620944,0.010857539217340144,0.03855071318072027,0.03886833339969693,0.3728161000113493,0.005014306615118762,0.0022794056943651183,0.014360851056642204,0.0017579480035855965,0.005139492131968741,0.013699221195710723,0.012011425622738749,0.0067431621610878805,0.025821431794928004,0.05939862703306535,0.10779367002097376,0.07776625566697622,0.04327409093526695,0.08416868766356814
87,0.3330841913612458,0.006604657488193018,0.019326717753481326,0.0027595380447849017,0.002727816735208891,0.047328592854647716,0.01580104984854925,0.005627431664970946,0.024879205082348296,0.06568403444075739,0.005856933675018923,0.34798617223314193,0.01259891107079185,0.01669899935122953,0.017638050300174582,0.02020607148134483,0.02941906053940636,0.009640560904700994,0.005435204801022925,0.010696800368980583
88,0.010680523163193014,0.2618675872087892,0.001376572717062636,0.008643754370455418,0.0006895457706719441,0.08637538114673705,0.06104187281721795,0.0018321207943765205,0.0037156685872464586,0.009523682088937469,0.00268419131018798,0.004003714325126281,0.00489578975925599,0.006030038404690498,0.008423786634201852,0.0016895169117493443,0.008227698172616621,0.46631640441307454,0.05074093299542273,0.001241218408986377
89,0.04853785596396588,0.05210239104864409,0.4066577505590479,0.05368098674349928,0.07231428041585852,0.010696167213962408,0.023709987224898275,0.0044609788690439045,0.07963849287442638,0.003799680771518254,0.01792362023191818,0.01671663204606882,0.004727021274026663,0.003831118230020524,0.02623354977792398,0.0088454181269579,0.008554920742322473,0.036136473206799476,0.10271628063299156,0.018716394046105506
90,0.08346584861315143,0.005430982461819624,0.08926261255884008,0.004019142736549226,0.0343216423501087,0.009145812589135669,0.015631710777993527,0.007341303429711346,0.00791082278525419,0.10477415033332287,0.041009859395096375,0.0025282224458333317,0.2826678353595287,0.19769999371672536,0.01432652926950191,0.010292718634526148,0.04096654837900778,0.008533172604778878,0.0372993901822761,0.003371701376838708
91,0.07788020019714893,0.0024971735827338183,0.06251338678526185,0.0008846133492434845,0.0007962182403340468,0.033978805020962656,0.0129488173926141,0.0019795222474820674,0.006885232692660413,0.011058059403485176,0.07364350894952355,0.0701421558818852,0.06374890591174832,0.003056187860132961,0.42511513054713207,0.005066943755939435,0.024406774595833333,0.0807010461495048,0.010543573125508144,0.032153744310865734
92,0.011444488116483643,0.02626373207159388,0.1802450502726726,0.0018487187302276581,0.03193144699766118,0.008610539397921363,0.001751022443491675,0.0013963422768512453,0.029359342190002257,0.039807734902899336,0.006356578659758098,0.23582558053495017,0.03532960089282304,0.005402230112385217,0.004910393360577254,0.005122562132415175,0.0021014836923514855,0.3642788609039998,0.003070522506775432,0.004943769804159481
93,0.05517141545842303,0.005243289522527995,0.01163420279554208,0.0030806954449297073,0.22531282396411584,0.030126715813020094,0.007520170830992274,0.1733150760168513,0.009720719922945213,0.005348773452878962,0.20001334545475957,0.00937719944995031,0.034091528043941624,0.00815296277192699,0.016576632799915732,0.10472958423883087,0.016484496950859257,0.051844036850395375,0.011416856816593221,0.020839473400600567
94,0.3193907259425175,0.009749380248458513,0.3167750029589879,0.06810216680241535,0.02198419169952847,0.013169470913706465,0.023612786981242573,0.03916234182842271,0.007894999191931132,0.014891708371717362,0.009645800771545318,0.004952607906923223,0.036995063706770505,0.008541730648394901,0.006221136417985878,0.01955976890559652,0.0024811838406206183,0.003122925525506678,0.007660772562373218,0.06608623477535518
95,0.014751641895510167,0.006370408988909928,0.002809385375611917,0.07602593990074578,0.0033650715179153103,0.002984648546527709,0.309719099148983,0.006209833642657253,0.129920346563667,0.03554929321037162,0.003523229634132699,0.009494600898668593,0.000802628801249342,0.043696318330473924,0.04129707182439629,0.10553067375838941,0.014014579335998874,0.16418733597789686,0.0049736832432034075,0.024774209404690897
96,0.2456471274575177,0.004176889947941801,0.0038191492793960093,0.01913279239999318,0.020305983450887435,0.17237966278973368,0.006509830517005723,0.004156251335517342,0.008451008258148991,0.0051289769460008735,0.009157412864496383,0.008641377835106712,0.0409841104002623,0.011055816829695102,0.005081927775594967,0.3950293814383051,0.007670672274342907,0.017169813142760636,0.00796181359794766,0.007540001459345481
