site,A,C,D,E,F,G,H,I,K,L,M,N,P,Q,R,S,T,V,W,Y
1,0.0038774920318536666,0.021310953732950225,0.016698955487749703,0.0042776232538450825,0.21258053378403183,0.0005668075118681967,0.010060990505109816,0.04925473624005756,0.0016175093076913913,0.04182355748591638,0.32470918841096524,0.015689784385549382,0.02413885461506296,0.0025442485511721845,0.00766715561429144,0.05505839420440848,0.0701527858099681,0.004600036206551824,0.11997861103134062,0.013391781829615946
2,0.010702125254002224,0.020017229372781414,0.001861484976959504,0.0017303730863936402,0.01909437791771991,0.005916011270698189,0.025558495819232866,0.013183872902053952,0.018600237543181426,0.07595655335923887,0.006337348974001635,0.048198039556401756,0.1293506715344807,0.12166465252907005,0.017717909933783475,0.22647647087871206,0.1007614947050841,0.06052409993177792,0.0035320034847678952,0.09281654696965838
3,0.024334560423357778,0.015543157787063614,0.01051463047834031,0.008401658302622279,0.015444183870682741,0.008787382128058959,0.008231515180701619,0.025785629316693183,0.014797035409329523,0.7425520452352136,0.011970527758869406,0.021845226546820994,0.009932137900241647,0.00561873050224956,0.005039701471506334,0.022200520097854424,0.012335035290900074,0.008940525516304178,0.01745008055135176,0.01027571623183796
4,0.019753683324222986,0.009182944708951075,0.015393104448351895,0.009171825176044923,0.015268780699459058,0.020815605731147404,0.006520383327858666,0.034570872103396294,0.0056130846965186205,0.36165231747035576,0.03899322579329016,0.0059945520050536626,0.008047731309648995,0.006034041732558109,0.055346723218493245,0.28768706305230607,0.021069446295198555,0.014320381229893459,0.032884713492320375,0.0316795201849307
5,0.005803490046205773,0.009073083418562201,0.009986726280385761,0.005576942615733487,0.012432055831279955,0.004049976352859808,0.026850767236751217,0.006695729976613172,0.007498674655525447,0.2050502060392449,0.019291977365929493,0.01824858631707502,0.0038047381235240267,0.19271538376874808,0.005085551032505424,0.0380307619354835,0.36618966369736144,0.0049214411250557396,0.0138273172198855,0.04486692696127014
6,0.0029813407529483017,0.023607253680540306,0.03686810701030341,0.3573773154376364,0.034658310601143244,0.2526323387257542,0.008607482800484612,0.048135308315416285,0.020676534798115428,0.01221588526566825,0.01191148597311244,0.006844463351037058,0.0028480210380395247,0.014323738886612838,0.006905947545991261,0.012339186893302398,0.11241764962545121,0.014997290480722979,0.010441578669035126,0.00921076014868472
7,0.005617623930507817,0.025344059865845966,0.02422918664058999,0.010900902294130311,0.03798621072842496,0.005993178947447262,0.011953243290699021,0.046344781864645274,0.012287135302736143,0.01053429768481065,0.02016952597909192,0.01343865877845963,0.008239143633221679,0.008626545710777474,0.009299541866363973,0.028585904027023986,0.007430592681897374,0.6745286127039076,0.01727910659609076,0.021211747473328085
8,0.016069791935705267,0.013399112705429357,0.02600165245064668,0.6192636864917996,0.027369890319496794,0.005516232723986451,0.007407049539692451,0.00806250782049087,0.03898718893625029,0.10155879847249764,0.023618768104394942,0.016196235309125617,0.0045347304859799055,0.009250991834428873,0.0043121073597048466,0.008913985720369286,0.00825291218990004,0.02332920728688916,0.01436404623626261,0.023591104076949188
9,0.018612480318671177,0.01540054510733355,0.03823417311949175,0.026265798458499683,0.010337560293634784,0.05829031319631232,0.03599506735531338,0.010860997641326092,0.05517117544903423,0.02301567524214888,0.11324181190041122,0.017626406847405268,0.1586062760886028,0.008570294396043746,0.015739353642314872,0.011199435695922546,0.338187590160791,0.003568623178972942,0.012686427430901613,0.028389994476868134
10,0.006515338144821034,0.005286841440053368,0.03975898473111743,0.0021088648366214004,0.0117751233450242,0.000832304959543575,0.08108538140445959,0.01513488391128744,0.004221062605036905,0.007014897003327302,0.5487650316624094,0.01358831778617349,0.013393563080996393,0.021069698130017973,0.007080003489387829,0.009894527533279076,0.003422606152863118,0.007258304664994175,0.009797993444397432,0.19199627167418895
11,0.3008001146724861,0.014545347968451753,0.014036821532349723,0.04192818382683494,0.01900692603635551,0.005689264570627627,0.007620286909338626,0.04776167459720001,0.012806028534785048,0.010022852205027678,0.020959652286973846,0.010982916615019286,0.0027334296016733525,0.0057134068778380625,0.012467949911023133,0.007617821983958197,0.012703294267421327,0.41876736821420657,0.010107916566845943,0.02372874282158339
12,0.012428968196644333,0.05563947694065581,0.03999852977619465,0.006183860762776904,0.05669540756091587,0.003917172799035478,0.027110838876633153,0.04943634177042246,0.020543202192157082,0.537251958622628,0.029446450049013903,0.019022663207179547,0.020186134668325334,0.021766231462214087,0.005917820538128672,0.01499281071787239,0.02372034184371592,0.028630574695473057,0.011297851338835532,0.015813363981177834
13,0.017743041479737306,0.06445613533399167,0.018719046203558957,0.006776075254698761,0.014612320802730007,0.006090483411703238,0.014181350312629393,0.06190173404533375,0.009466809795079014,0.014986569658660036,0.011387942649745682,0.007410913451401426,0.014666343725330662,0.008003248120808383,0.008863588030854118,0.5772414108618258,0.02011496807114979,0.06517047086602558,0.008487833194576393,0.04971971473016005
14,0.012139508571212433,0.010873531696256267,0.025952213392458772,0.006020790453078371,0.0066197677877571455,0.08754303343574632,0.025756334478182066,0.4702782080902245,0.010015997605050654,0.0057439269316732,0.03771871117504916,0.05482927849817788,0.001790419367347815,0.005795998561761084,0.013323605837314472,0.06141166224349183,0.10791102445957033,0.04213504870882969,0.010063820461058076,0.0040771182457599135
15,0.01773841605401297,0.008207667756489935,0.014682879829179584,0.013828358379282412,0.012927112555602516,0.006100131105583302,0.007673690683437184,0.5632299129452918,0.01321609058028157,0.09489481642442138,0.01779987898070674,0.015041824364104952,0.004977856156529614,0.00947691446588158,0.008717976804211887,0.010275395855215643,0.021998215390917265,0.12037831390123246,0.03075998637927046,0.008074561388346682
16,0.0007790336416807165,0.0023771653559290073,0.004348771182423315,0.004826452211224701,0.0018267303502530175,0.01545091719641083,0.49733961146762895,0.002023405525089806,0.003180829567743988,0.010788736497611199,0.002698475501775936,0.003315771760038666,0.0894993033509071,0.04348358963662479,0.002195487565585578,0.00398370000900892,0.013897602474349173,0.0008855695678145015,0.2949711717842365,0.0021276753536633394
17,0.0002858143380188559,0.011809674090778129,0.388207694839355,0.0008637008188522458,0.0041357068278682066,0.004270643311784395,0.01621244705981765,0.006391172808439416,0.0019091765289266473,0.004097532121811931,0.0013663794942447183,0.004425460964361492,0.0005144495941143239,0.0015751220730380864,0.0011368786119758275,0.03946366006235943,0.0035715847754934516,0.007277005550454696,0.0024568548820936287,0.5000290412462118
18,0.03177621346316797,0.022629047228028047,0.021461660616042856,0.011226323541129991,0.00821238618369845,0.7627231724962625,0.007776289676315342,0.007026141123412113,0.012264513876330891,0.0037073219272699604,0.018166277597796755,0.008445580977264621,0.003907707786826496,0.010722641760967704,0.005474585250561506,0.02369176950143526,0.005311331557411169,0.014145954794453876,0.012901056767015001,0.008430023874609517
19,0.003864870381287787,0.0074734425598949345,0.028260579582946595,0.027623092350463316,0.00901534197958447,0.004528297719102047,0.05313089172720214,0.004638542383721699,0.005766075270697681,0.0038765098113168754,0.015518119155499712,0.007035567015765875,0.7666980384499633,0.0052847925393821665,0.0028714298686781633,0.013993428380000393,0.012546385455064552,0.004648643868004207,0.01596918044161386,0.00725677105981015
20,0.004256675030708539,0.005608423358114154,0.008267559599219092,0.0061127115981561035,0.07907412499436693,0.003967463732738989,0.008166562620871573,0.0872065070790968,0.009911435382276318,0.6684858620077427,0.01454928535373787,0.004499554751985523,0.059964590467476264,0.007140235805830288,0.0048931653332519405,0.0027520959403819264,0.0036450610899509558,0.002876577964274086,0.011709252559110945,0.006912855330709047
21,0.0057812630532404295,0.03322478282176645,0.012421476314780324,0.035984672491843145,0.008609153707273012,0.007180881994016212,0.005110473621702061,0.004062502940944851,0.6525025999545997,0.003880957593824085,0.012933048822064726,0.01375034898428162,0.08704386432583379,0.02467198850926505,0.01321415665551998,0.026901047100110292,0.003742684859787405,0.004420079839026907,0.03702906613410439,0.007534950276015643
22,0.7545942252689881,0.007323175847627121,0.041106382878381566,0.008837950973484806,0.011139051656605616,0.004369402292364081,0.011610145240360763,0.011049432351278976,0.016169866823689587,0.0045696177894740285,0.016674147084300282,0.013517000857067515,0.0048340807343188455,0.009262722221459012,0.003373208434303492,0.008266445422215747,0.013233178839375753,0.04048694594890796,0.007994025672515266,0.011588993663281342
23,0.10558083895213999,0.01738769896941547,0.005052320362041935,0.13865820252379965,0.05413978274284938,0.06821051022346757,0.020649994744556567,0.002841625450221995,0.006162532689294265,0.08468672770337002,0.12366620233234749,0.0031691082077693034,0.003803346376725746,0.034284082816099064,0.009596501810536591,0.05055608694684194,0.11624430181321953,0.066457376184117,0.07972570999041563,0.00912704916077088
24,0.005374460358754204,0.007660167734486937,0.009853549902750468,0.012954559642933919,0.13042315414541472,0.006766591031099172,0.01350713986374942,0.3839306930917824,0.010954466432796111,0.2617883499792847,0.017296762296021485,0.015087552297573697,0.005006748289767222,0.011341955732903608,0.007832084329397125,0.02134883415987306,0.02681188103456776,0.007038756245854549,0.03754652522887245,0.007475768202117038
25,0.5215121586779085,0.012562165827727931,0.0575356650793021,0.06071779488397953,0.01920004573733107,0.005166911373294659,0.015967036263154436,0.012364479701005945,0.03407011502366313,0.019334312327709435,0.025137336384247724,0.012072659994178855,0.006330119513732655,0.013121755016341729,0.004626751352192342,0.048977521184668665,0.07139928225472497,0.030395246661370338,0.015267836670848875,0.014240806072617096
26,0.0029872065067990173,0.0058342639489353506,0.018764544360669835,0.010145165260424326,0.007415543599166619,0.0023200017765419335,0.6164503707880196,0.01736046541957849,0.011818917988057022,0.0036753345851576937,0.022102301906931736,0.004449955939188938,0.019031867034376117,0.21527832195631322,0.008769635047913352,0.003609135906737453,0.007344645410710796,0.004234232297360977,0.008214580391242099,0.010193509875875598
27,0.006234936154055484,0.02626656206432525,0.02488745160842712,0.011525616039502284,0.009177541958330055,0.008410693650754484,0.01593294886456993,0.03327201225137549,0.018496957660271953,0.05279826915746138,0.029575555459237013,0.06026231266365605,0.0035447578559158074,0.005995438736382886,0.6273125345949919,0.014312677755346146,0.023990744655756204,0.006397562776041492,0.014348413147227424,0.007257012946371558
28,0.010263887593978917,0.016517589065299678,0.016311677239301787,0.03446115843678117,0.03135085777371417,0.005055897594257565,0.015379453247098942,0.0726908559297501,0.06641494616785215,0.43878691148238397,0.017534148219799674,0.08599344873865182,0.009133507640721914,0.017195629807312443,0.017403240694396603,0.06296176802029371,0.02227675762940527,0.023340066289252483,0.024659629619646527,0.012268568810101152
29,0.01355226309407264,0.024953233538160903,0.23723299689774957,0.39365083624328834,0.029879709252421616,0.02485267102040743,0.016308819803843598,0.019116625789311382,0.043082792018905636,0.012440335145258032,0.028010476691224938,0.01128006786772384,0.014110520351028662,0.04795954639257876,0.013177509712620508,0.004850719787413287,0.013500718782762749,0.015568071690641535,0.026363170238273,0.010108915682313573
30,0.10526151938299504,0.006637419557118394,0.11524508190071943,0.010023056161570239,0.003287579967774264,0.009474004705755993,0.007849384547683566,0.009853102281177839,0.015620584326849433,0.036618131333985025,0.03496852679634558,0.015372104700852282,0.010664871804736367,0.006770641680027204,0.006350226312257486,0.003561262067141715,0.2847261067270377,0.01237673810062444,0.009584345492341953,0.29575531215300604
31,0.017180286117780302,0.12780255088749526,0.015202238166466129,0.007153495653174124,0.07430318321370917,0.03747510930708024,0.005983179361821111,0.20346679727793984,0.02162139696318057,0.034109805998340424,0.018765335137204648,0.016650133852247513,0.01071339728375159,0.048930990341281316,0.018155958436124824,0.03434579807467029,0.0035395496696119296,0.2728413882954143,0.023588359925510696,0.008171046037195687
32,0.0173254756486388,0.04268093812256398,0.0070651245130936065,0.03211087089571783,0.5447480900870162,0.005654957647186007,0.0365769027949651,0.017188522069854804,0.04517443362359882,0.004276083555118832,0.01615066602463248,0.009007518244796925,0.019944739963440587,0.041726276612093924,0.03616588305316548,0.04289921824528704,0.01727164893413125,0.013833525319691191,0.027316613351197668,0.022882511293809443
33,0.27840403722499696,0.03753791182943103,0.007558414718087539,0.02345076152201485,0.009401878642087694,0.011791213975010154,0.00549479844094485,0.007725611268017565,0.018786568788050143,0.038167780938099034,0.015599284241557985,0.007988755194937197,0.004325541463205909,0.017503508079651512,0.003826730299007372,0.05261530038659065,0.0068573389452171755,0.3244861664986547,0.03867210442825725,0.08980629311618045
34,0.05523909353207458,0.2793194112236873,0.030339241980544246,0.015893506316374744,0.00906738153712534,0.1250722405267998,0.009812090624220544,0.007297518207443103,0.18845513900251484,0.014757750839158465,0.019978987878977044,0.011418430515690428,0.008256071200783746,0.005088280659347429,0.02650570850552694,0.02609365094458447,0.06320015208204152,0.04381657254936646,0.049169535410172466,0.011219236463566472
35,0.1228098169537725,0.270308097570047,0.004033661882861967,0.017367907499230218,0.002986524106857407,0.0025833327799754855,0.005116437141826998,0.00182109993891598,0.09696762381470528,0.018120166512460564,0.015572995399694438,0.014847522584710941,0.006815959413505131,0.16183251254560965,0.002827394967465349,0.05330593868368923,0.16637388339970627,0.01175030183447242,0.021291467545339178,0.0032673554251539693
36,0.002450014188050034,0.10678341785695025,0.022272578050594186,0.04897381861907322,0.005745214012968823,0.07401018041743587,0.013256612472510847,0.0037076382408316646,0.05246836671428017,0.051278780634507755,0.012352031247231457,0.13640698159807832,0.012606551525802206,0.07335147156327931,0.013810319160015266,0.0035157085875087753,0.005210058067908329,0.0051366317459122695,0.030426573126016876,0.3262370521710443
37,0.06936859924828694,0.006866375062052371,0.023980365017435466,0.006921132328498658,0.011369775291375318,0.0023425703003177034,0.0008896725431476551,0.007637582022395384,0.0018806548691416114,0.00043182818011565003,0.003596329461383788,0.7306063792883447,0.04619124266890645,0.007935299299197035,0.02632848256513887,0.005644275776952595,0.03266363024549845,0.0034694645701507662,0.003885843644870512,0.007990497616790139
38,0.08175874965074914,0.011844651637369044,0.20885910554657158,0.012444695268505598,0.07459730445884913,0.03350898938819863,0.006760166710956274,0.01231567725047893,0.062390825137057696,0.044057578258824434,0.012152479020342312,0.043089787302866354,0.0018580921741690312,0.0055625990096956944,0.00397801114986355,0.008126109401330036,0.022244109709433912,0.006279444478278148,0.0218820678782762,0.32628955656818437
39,0.04558439722929502,0.0214457845990985,0.02207987136385245,0.03312214712216353,0.07663733479158555,0.006955751764937373,0.04545414495180204,0.023816939538593023,0.016392943033430418,0.4008383768850488,0.01496535129262399,0.007550905015128372,0.024797246050844803,0.08245055518770478,0.08065333715018315,0.027287396780640107,0.017243533005645444,0.03331848060240306,0.01196567506159543,0.0074398285734241735
40,0.0029378612061503645,0.014210044378026539,0.7003765639656307,0.13356118608212067,0.006585663712076777,0.009767722376832228,0.005979053725995647,0.012136643943160485,0.008153484181827871,0.001058886760706701,0.017561571049951548,0.030189324141547992,0.0036971151219528466,0.015904090872821557,0.004535621118083632,0.007204266937467122,0.005355618623184291,0.008019131038259394,0.009996377612162904,0.002769773152040713
41,0.06645605330797623,0.013816079153828296,0.0193555548483714,0.011902281045870369,0.054418593514249006,0.0205574391398259,0.0018204061681869226,0.01239735185364248,0.15668235821843213,0.004702780535325057,0.011092712562007369,0.32702470211103135,0.003791458811444624,0.012610364808212824,0.004391491376170294,0.07800318036786463,0.006122346193233064,0.1429570527095,0.04254014390909206,0.009357649365735913
42,0.09818437624535772,0.09855760487017341,0.13646703799924326,0.009777105109670182,0.011403682309550484,0.095065407012097,0.0926139930718783,0.042518972348584365,0.017811110945890725,0.1626921840227664,0.006922386532931938,0.0028419008833649373,0.0026622314824115184,0.004598244670951979,0.0492543542653142,0.01429851667179826,0.006596913006079052,0.09553196410236603,0.014129711027339297,0.038072303422231
43,0.020284910736374867,0.15598446646563094,0.015205222477716425,0.09388386105949736,0.056640978269639194,0.021719318076658226,0.010595391825521522,0.04982116581636194,0.038098826309445735,0.009972590010550954,0.33675546821258967,0.033169632286952036,0.004447381122128622,0.013563209171647873,0.013523896474903176,0.004248677242202404,0.02535136994582426,0.027065077247549578,0.06143736653030893,0.008231190718496328
44,0.021694769161973177,0.03160962570044458,0.04304151129136324,0.3571699951003079,0.02988436069835837,0.02479280319054348,0.006556590309225763,0.031672870359609064,0.0164298803130242,0.01779092184296141,0.074034262600836,0.22332188896923102,0.010274912878413525,0.03473922126912542,0.004256810999011344,0.02859628789555121,0.010477558354105609,0.007244838861550951,0.014822826631981895,0.011588063572381829
45,0.010034452620787627,0.02617915498472206,0.019511814382084814,0.020902907522369587,0.12058802130484915,0.014881707565413222,0.009787368908192968,0.016275025949492396,0.013259595623934188,0.049779116416994576,0.029779274813725765,0.031663748200144615,0.011666080566814441,0.014435400749149823,0.016703997763123726,0.009014732700740912,0.022871579936489868,0.016208845418651766,0.5289738071110965,0.017483367461221946
46,0.03083586565300068,0.016252402544205968,0.016888965202542294,0.027205997817303155,0.023605750463573213,0.023891385308116127,0.07221851696496129,0.05122919577494662,0.02909891404365893,0.4067416426131816,0.018038904072740124,0.008149388756794265,0.04216268265137243,0.022251748197783017,0.027989387423556843,0.01892576299165383,0.05087437880913709,0.05244633881085967,0.030212730985092612,0.03098004091552027
47,0.009651885488927774,0.012332289712043072,0.014431005772030644,0.03816313823586725,0.011964889178856493,0.009112798916091666,0.007146516734897302,0.0077680591837400925,0.5444296787716892,0.1420257440338214,0.055293525053250185,0.020941819151281592,0.02242289206004989,0.010852039431974004,0.010376760688194505,0.006068679373301852,0.034713300032470466,0.011382498560816665,0.016498115628188294,0.014424363992507658
48,0.007129540645269181,0.003557538272725464,0.010016318022996868,0.006575707441340532,0.003787536283518155,0.00208837265494776,0.0022768608481128494,0.005111740148422274,0.013625640892591155,0.0025458702182721495,0.020366266346803243,0.7431953770203188,0.0018028245656113132,0.004189732841322561,0.002258704274653903,0.0011187331122656928,0.1556167179885801,0.0030612273457378304,0.006833858298077385,0.004841432778432807
49,0.0393809444226476,0.009457420505250762,0.04905048258482803,0.015878549412939685,0.02713460534465755,0.025324064646766162,0.04603333094202161,0.03142508382646312,0.025484620862276996,0.16820832845617,0.02414637616764907,0.02969093347046269,0.008667786916363563,0.022163294266513218,0.34501519907803124,0.0761572257167697,0.008878200982814683,0.015404020661812779,0.011337688519134127,0.021161843216427376
50,0.102475900045915,0.005457765266520668,0.011234285696021234,0.028547077456302458,0.03507939495780082,0.055082259460263926,0.13459164026268283,0.014063965555723137,0.08186557424831592,0.014677866490989504,0.02915593485729795,0.01405912009394794,0.2405613238288411,0.04961319574768192,0.03644397005556982,0.02237726145181822,0.06488641330747537,0.011954361180331273,0.03795389748854259,0.009918792547958287
51,0.017165431424686784,0.023162431554529555,0.017147576886456798,0.052154827558879006,0.021836764094216976,0.025193030442567453,0.01399546095588675,0.20552080543637194,0.0676249828960148,0.04055922224014105,0.17515110491879582,0.15750097652473727,0.004398828288509053,0.006612158216311256,0.005071149816535272,0.008438373443147488,0.006851505350358343,0.05188706281017953,0.07038674907127256,0.02934155807040228
52,0.0374718472831373,0.014850077762338583,0.011929228135123982,0.012089314542106865,0.010867192946715282,0.0057055103496703825,0.009503679769355363,0.00870872947875795,0.011449486860287383,0.490860372106033,0.04592396460270207,0.010341650824656422,0.24137757650207123,0.01245243816792377,0.0040298587114130325,0.014118843615889358,0.005117301984897551,0.017356016450102613,0.02368295820559527,0.012163951701222664
53,0.0075526516931624325,0.014531541538562566,0.014131347343876098,0.01623515819576743,0.014361937083119601,0.009371662168068215,0.012431039878923524,0.011899321419318258,0.011365960690418802,0.020207382057333495,0.02111636134598719,0.014329215954819256,0.015449778657059656,0.013284432353584497,0.0060844253329271954,0.7334355901971716,0.01105663715822059,0.015221428175699273,0.020506222474112545,0.017427906281867824
54,0.06257173674902597,0.011802976541583538,0.2249616207537916,0.00642565704206289,0.04379231753941894,0.015153108417103349,0.04659415651751362,0.015172504910301069,0.015099794796795104,0.013968979573486117,0.010113215104263879,0.012256134757778347,0.21129929322923421,0.010584907623387943,0.18299525922977058,0.051339415615994186,0.011600700364830838,0.034934751210273125,0.01145115673462365,0.00788231328876097
55,0.006450291560657334,0.014831956684113832,0.01461222102652317,0.03295224309203586,0.013552530846656308,0.015746718163985107,0.009135286223631287,0.026190457658142253,0.034271754986266466,0.6257169061434427,0.057207633108881974,0.00955372092666842,0.00962298792902377,0.018815284790261812,0.010432607041871234,0.011206334675158126,0.03177010738574129,0.02764313313489402,0.01928560669342973,0.01100221792861534
56,0.00611547317704531,0.0026724296001689536,0.003877844869401291,0.015799374354343684,0.0026234678529590653,0.0015457108680399336,0.00712860949604802,0.005939853560866782,0.008918019041810929,0.5125717441478577,0.11005307238276574,0.02030724374957185,0.0013192730314360017,0.01153400562321058,0.006938732129161855,0.14504069779378553,0.10542651034506885,0.001990033316174205,0.02454996285436776,0.0056479418059158714
57,0.006985458096008563,0.021922441674274044,0.022671977218490957,0.020474812636000785,0.015325866047341558,0.01581740550206033,0.01651708289803606,0.028549475211894684,0.5730536249839776,0.011794288857627467,0.045041166120890964,0.042916453695211666,0.026347282530832638,0.01449644880055738,0.040513975743184494,0.013006460301311022,0.03923873040175686,0.010856578628651909,0.02036738474656474,0.014103085905326282
58,0.21287690781958185,0.010195305762121316,0.011653139555916235,0.041334268170029706,0.01334038752776967,0.3024107861029978,0.008567146729920243,0.010675321590349394,0.029327332734705152,0.12356359685851917,0.01871630632965007,0.03006634659389323,0.0049366099849384,0.009799105626278202,0.02455852713689734,0.01101597587209795,0.005979493573805962,0.041497104606052514,0.05151157112558037,0.037974766298895415
59,0.0086266756236524,0.03179582004760242,0.034525201187693345,0.09751533491793898,0.01824408736874678,0.012321750435353745,0.01563227072564634,0.5548471430279991,0.018902931379093123,0.015704682711350046,0.032680836290662,0.014799394684553793,0.005995403855820477,0.009627928801175696,0.023983782966252518,0.01422443356257442,0.016600209643667665,0.02626627814338069,0.029535799829975933,0.018170034796860517
60,0.04177983922323366,0.04149792262069508,0.010213238938532085,0.013300855942229248,0.050006675949193606,0.0063579713020114935,0.008565109677081798,0.008612118625269966,0.021905672018425963,0.5077447679380035,0.03714089827066491,0.018183976633266742,0.018913186059664192,0.09468787665789889,0.01234717307671394,0.013256531101438356,0.012524096901850964,0.03990413217542185,0.03188343711151035,0.011174519776893451
61,0.060872878344846275,0.025006106406876945,0.020412674007067984,0.05600132144454845,0.12424520291356009,0.4501635472871558,0.008526318930220881,0.010764792389287499,0.017236987348634,0.024599504878460788,0.03486299777125305,0.01349427638781459,0.027773857423201095,0.01544064781709181,0.012103754481189007,0.0059127973423921155,0.020461545647886513,0.03148723731592687,0.02346428791106217,0.017169263951524103
62,0.005596007118785837,0.02400658198836024,0.010626009714421522,0.01055882362993472,0.24031547373401935,0.002108101117961052,0.0043199070360209904,0.007741844037437707,0.018936051812660035,0.07884777564959952,0.39312962639551186,0.009791822684413918,0.0049411510701361195,0.012792265225046952,0.0072454629628813105,0.05226504171739407,0.003078911692615052,0.025606017133008474,0.07779480110432953,0.010298324175461704
63,0.016659262617990424,0.03286691319426037,0.027579002914340015,0.005772901996514471,0.00926454673256592,0.01361905834395677,0.003408351560883605,0.04904933964302244,0.04506800525316386,0.04905494036181648,0.06134419568233253,0.005746149661095606,0.002614348319018122,0.005459107478918461,0.00586132937825875,0.23644659161775253,0.15880368579176665,0.2600782331933988,0.005475260332713463,0.005828775926230739
64,0.02129989753864365,0.07727353524288502,0.09581440170159915,0.01552623962753469,0.43645753102189194,0.022071295257559922,0.015323939430075265,0.01953999745280575,0.02704955621241719,0.01942246472944822,0.01574173031599054,0.010948610395899104,0.0039331870282520685,0.019043680098889557,0.012414993512269847,0.01989321529480861,0.006446789024147492,0.007635298876147805,0.019120878668868743,0.13504275856986547
65,0.058052561163170424,0.013149901813354726,0.019889773260561686,0.02370338289501405,0.019156743395288386,0.019429797029216333,0.01200485023438487,0.01171989100478487,0.020470367365018324,0.011304084836079706,0.01798120941065387,0.03146891361704623,0.004045663249157989,0.012449650311885618,0.012533165144702884,0.012408609766809003,0.5903544365113298,0.07396887819185936,0.018016815960654107,0.01789130483902771
66,0.005978253472713221,0.008628330702439643,0.01163158424627562,0.01733876906471096,0.1790245576210912,0.009539194344337117,0.00822071068451616,0.018074351630975177,0.015817071858796737,0.5867900998876233,0.032808762346850553,0.014906292333535319,0.01280043119132724,0.011130474741531017,0.004154343536926301,0.0038339290116077363,0.00424281773332238,0.01326310591484292,0.03236859802128033,0.009448321655297054
67,0.0342949626956986,0.01680718569415495,0.022700899914120328,0.029152011262261676,0.014836095977256372,0.01997262213580906,0.012524575030125164,0.02490444347284953,0.017844389594511047,0.006963162483259747,0.040455614113649674,0.033103659127926004,0.008502087875541168,0.017531413021113034,0.008271703744998433,0.02590772308004358,0.6009008066974709,0.016691894684497895,0.030991856902359588,0.017642892492353263
68,0.025875181258960617,0.03653377779515184,0.040399938127020925,0.02693825923480776,0.01864081181437714,0.052569850150634444,0.033559946617637094,0.03363193770815064,0.033066946849379664,0.03494138072801428,0.02591752981744439,0.040152496718958035,0.023328092758440413,0.02639186654237433,0.022194865245866873,0.015025698108668394,0.02047295496297205,0.41023351574843453,0.0355938416913657,0.0445311081213408
69,0.032019371300588,0.030977581748317835,0.0321093422928767,0.0430049977553177,0.030751756041311234,0.013244980548001342,0.046766191249321715,0.024848714947064348,0.04439026366895424,0.06473859664980054,0.05043352534066823,0.038097429021863125,0.3284133673159541,0.04420297426348561,0.012210342405582305,0.025121935719667737,0.04462763992557412,0.01708778835882466,0.040255474929188996,0.036697726517637475
70,0.023382678059452017,0.023963837988862542,0.03216561546713124,0.012325448249232604,0.011753121457779072,0.0649040819220247,0.015487974999703993,0.033579557991539735,0.022446828769603407,0.006071379619368804,0.028936743928467734,0.05604578539163515,0.011086140559656128,0.013427021066481226,0.024813200586746312,0.5640070363737268,0.0071975787878354,0.011148535774297327,0.019296219973675373,0.017961213032780494
71,0.008649322648643239,0.01362031133329971,0.05472275681070416,0.633953778806127,0.011935251593262816,0.01670029701237437,0.017953554704681792,0.011707872340088925,0.06197567883460514,0.006356566431673434,0.03760389914267409,0.013002439894068914,0.007719098189927668,0.03331110532369256,0.02264265698870574,0.005641769730349925,0.0067323559237536515,0.007046109354542354,0.018779693879482494,0.009945481057342033
72,0.019255058181601305,0.014317286117586642,0.01170237401870607,0.009896402119113756,0.0069504509324854295,0.01794099766735894,0.038135625038614236,0.0050684083086526225,0.010763659289711534,0.17364698226862552,0.014183575651722765,0.0113676123991662,0.03745784384799801,0.14298752505333265,0.23037158004356123,0.030495544472948097,0.1835844008813511,0.004601968733033059,0.007205946930136047,0.030066758044294782
73,0.0034780483170783008,0.15644034886830738,0.0537766925884171,0.02276306282707673,0.04855751360410719,0.12354123964737371,0.01679535341654468,0.00655778508224739,0.020311655854518034,0.01782581160932262,0.027895262932504942,0.0021160098197131536,0.43995795897147866,0.015155518018990153,0.005110534455463412,0.0034769309344448297,0.004536885996013769,0.022587163820196043,0.005362483706235195,0.00375373952996673
74,0.008453631489157542,0.011066538875170326,0.018121140029479572,0.018596198604918505,0.011997306686010808,0.004244461282431891,0.0075834039148708655,0.012067131743187716,0.018787453616628525,0.6689392985446847,0.0680726677843332,0.013638853769945829,0.00918846249417983,0.06614841759140416,0.004576070931978016,0.005351711616760766,0.007801456759457244,0.01804608769894951,0.012885746448239936,0.014433960118211036
75,0.003263370019881475,0.0058790948161755825,0.04315314085696147,0.015380384175608563,0.007711891896135455,0.004182148683133438,0.036998031634142385,0.007735326975952911,0.03657587870700199,0.48538998042460946,0.011816170609443032,0.007137601904190199,0.006133772131706149,0.26045995171743275,0.004133534441228778,0.0021704349729740596,0.0030031769249887082,0.039856593967798594,0.01290939747554099,0.006110117665094024
76,0.006848622041576093,0.07985228059201645,0.01640511649322665,0.021616671716493455,0.011693460267299508,0.028456353191998893,0.07073906994610679,0.010502107703743149,0.019159106649789554,0.013913476500148934,0.03127888605850118,0.03736544076219277,0.0027500143331577963,0.020955388306684607,0.5142749545712153,0.035023670344389385,0.0063825334239343565,0.008290393786719932,0.03416324640951926,0.030329206901285908
77,0.009077814382992289,0.018400041798641582,0.02075657735873975,0.01720152366583433,0.014937145491718916,0.0249891543758395,0.01908051555341413,0.029219452538693257,0.04513002401281158,0.010853065694125842,0.027511899338973307,0.015176317135628396,0.037074613343914334,0.014440084324691623,0.5852633933866903,0.012521239727253086,0.00936801004048386,0.041913565451992714,0.030788900514415973,0.016296661863145243
78,0.006374012365543235,0.01841879773991268,0.1545220377126034,0.036517446411724164,0.012286708592757642,0.004283608302044709,0.0241797531035088,0.009235147384668569,0.021888004253969116,0.05094228663424122,0.010562350253291913,0.05268510426264378,0.03396861110773592,0.02359655985553032,0.4594248364402647,0.009548819278811122,0.027252436617004088,0.01348132651222575,0.013038511296526738,0.017793641874992137
79,0.007660412146678538,0.0407182710066396,0.013151379497533616,0.013073700578886096,0.5900893342714909,0.016108288548352792,0.03194991967159934,0.0327335088001859,0.017828576115257986,0.043923393960486126,0.014921767370742222,0.014508770181808626,0.006595152115841455,0.04965295282100748,0.004260469379085444,0.02601284558683275,0.019040337804099153,0.008238914848998193,0.013685572698716229,0.035846432595757496
80,0.037860724642173105,0.07056252752757015,0.012269087090533913,0.013657189054504406,0.05282891222639588,0.013758495119047484,0.01602117677803335,0.08437867607486128,0.1786962165442638,0.01626346761680238,0.02576095406516149,0.0177200110772395,0.011443736799680426,0.018071328576328257,0.03949707977313841,0.005378877411594517,0.004812534186097285,0.3365858961499137,0.022179690053387834,0.022253419233272845
81,0.018852636805524396,0.016307715142244366,0.06043432693841676,0.012826045680646454,0.043477779166733795,0.25162001042733373,0.01265104237889281,0.016571004274068206,0.05194310060586099,0.020439856066707274,0.016995016211771734,0.007910406606017406,0.005379972071523699,0.26828787903651835,0.021180865262779385,0.009837302352460801,0.015045339093056208,0.043843101723836646,0.09650564900465602,0.009890951150950924
82,0.02905058189929827,0.018056091790473665,0.024269815254799657,0.025120446211810303,0.04555890563414449,0.012129703673306924,0.014855566654700824,0.19814036082588182,0.048596487985255205,0.015384742426710755,0.0308867721437455,0.3640185144495944,0.0047814509519991215,0.01463407173776069,0.015171067483093372,0.025578921230085434,0.039617855224947415,0.013811101161200866,0.02778448607803392,0.032553057183157395
83,0.11795309353186742,0.02263038810954542,0.01803542285070182,0.011422616777940178,0.024309151694906123,0.003675635928039239,0.004514754094880929,0.03797737207202402,0.019534702354565114,0.006388238883591475,0.01130065137994178,0.5184290954952687,0.001339924550275115,0.006848873302576472,0.004582774323913241,0.00515181126042573,0.07711179845050427,0.009937422350815866,0.013737444661393294,0.0851188279268237
84,0.004440653543932754,0.21782370506322826,0.00859399969815019,0.005035889395350393,0.1100983719675709,0.0028794355654218444,0.007900055009930542,0.04691910585660138,0.01821915351442879,0.16511485303884993,0.3106132369334098,0.013766701267071727,0.045643470232094266,0.009493437188800035,0.006247309145272913,0.0017055074258281117,0.0054657360840175695,0.007235502114758955,0.006981097317596964,0.005822779637684632
85,0.008503191177483965,0.004597104621150468,0.014316994446185845,0.003528367742765606,0.013265837088714576,0.020116582993444352,0.001996249409475241,0.10247283595783183,0.010852428126562251,0.0008452745259466836,0.0203811973502861,0.0869996659978028,0.0076288404120342275,0.01874868780094147,0.034717650572800005,0.6277114726320366,0.006591713174649149,0.0046754644106566145,0.009362903402018456,0.002687538157213658
86,0.03379036533681389,0.01195045760109745,0.056031084703617715,0.02006592490699545,0.014509517728694686,0.4626324623972878,0.014128560875476455,0.008429831768544322,0.021239813204375135,0.019802287335505386,0.02460965231656683,0.014475959059604308,0.015295886322975013,0.05305075337956445,0.05889684211730848,0.022593090019764322,0.008202791802856173,0.046352205562979705,0.03798214150055769,0.055960372059414704
87,0.014411235787971327,0.008178264156853934,0.04147317384153431,0.02604491422924061,0.007844902123007778,0.02978732689411201,0.013668298206509309,0.009476808048206683,0.03162858798944062,0.013225119197037099,0.013193510906178721,0.2924605721034096,0.021116343921865007,0.32236461106215814,0.03022725569944809,0.017147149279595843,0.04594022183449233,0.016560466170386035,0.027873033081919466,0.017378205466633167
88,0.12790535286593277,0.13606753733911328,0.01789625471602088,0.009985801873292892,0.007347862149604754,0.19160342653032486,0.03942940615740309,0.0033549132233020593,0.09678402832807963,0.05492853880146759,0.00833682675362955,0.011366668902966998,0.014028752171076823,0.016714362157716427,0.10977656984143414,0.025823788870788258,0.013021911111881636,0.05074119552091756,0.05794768567787303,0.006939117007173732
89,0.0064822588692240585,0.024900166827758217,0.17152290728962036,0.015249462168694003,0.007654908523568049,0.0026433991144237372,0.0115667727541798,0.005351218384932295,0.005238556585711476,0.005919685028444563,0.022273732013301403,0.552827290562381,0.0055688892166802905,0.06508903489812595,0.009854720231885702,0.005503621100455219,0.0030326203969143184,0.03448375376392871,0.019749604637043762,0.02508739763272701
90,0.004244085277850604,0.009206065312552638,0.07115241201681591,0.029717031001642535,0.018204001092746003,0.0058979651072897255,0.1847717429178724,0.014275133350240887,0.006798746605740406,0.018420093029994266,0.09744764263173031,0.007309268615993772,0.15898684186524226,0.04794687802094927,0.008524715997430201,0.004351549102315355,0.046724570810591615,0.010993498311313639,0.2488541665374907,0.00617359239419742
91,0.06110854098599342,0.014789277999058834,0.17945091961897255,0.01740985542252434,0.00526733133953701,0.21712225221901335,0.021497402256953922,0.06710624961471677,0.03698745494447034,0.02560370623241487,0.039688834636736545,0.14567659145531692,0.021404505411963388,0.01663028177598357,0.009303647071398803,0.0239955932167477,0.05354683120807083,0.008008806795113671,0.011905793697355182,0.023496124097657996
92,0.0027578472200288345,0.006620521829383079,0.03795203461794539,0.022464876324975944,0.005900318795393027,0.005869985961881127,0.017004095762305504,0.09482584648098308,0.031108861063384723,0.26404773802307435,0.009183778974165597,0.1911032300523409,0.0044238305941876,0.0791900773305042,0.14562352881182328,0.006521630311218253,0.028211789267452013,0.02511459602001505,0.006799247733060823,0.015276164825877214
93,0.004962592198382292,0.28960904130259896,0.00712232768453421,0.018682118404852007,0.14565522701243694,0.04986496176202548,0.01781521259050952,0.009545750098140323,0.008085822823915978,0.0038759397025344123,0.13000771995782284,0.03585058363828791,0.00402568054534717,0.00543864674491745,0.013623133122205573,0.043372425520483614,0.027662314823724193,0.033222396191814135,0.13069642082285668,0.020881685052610344
94,0.3776241009682345,0.008964511263244292,0.2941758402164337,0.010106493136220732,0.008521998511614805,0.01819442681719697,0.040749583503256574,0.0181109795145877,0.019623143281360497,0.006531874767922275,0.016847135234119105,0.01771427408987473,0.013754551162480314,0.01227543187452306,0.008774620086803818,0.05301417302045081,0.028629957892958538,0.012272606624332725,0.01300478192294882,0.021109516111435984
95,0.007494226330405452,0.010993173575715593,0.008073324560593193,0.0409326099642734,0.032624082761324814,0.0034530445035856837,0.00520506541449404,0.003946036979840196,0.13021111839700145,0.1430457738012142,0.015223276328810329,0.005310449617696704,0.007017634821814276,0.010177733984584911,0.009468684353011758,0.002894462665278076,0.014999688720568758,0.013152318397309926,0.015175244918718767,0.5206020499037586
96,0.29783800750504535,0.08017965248038061,0.014781733722678872,0.041788861199884175,0.02346474252430544,0.027513452660980625,0.020436757388866342,0.018314458703681886,0.03688942461979732,0.014476251307483317,0.03670591347271139,0.01487883271855247,0.11307767703240602,0.018268078353251456,0.0052303668815328426,0.03237426010865563,0.04454058216181167,0.025608015668584807,0.020315775388985075,0.11331715610040469
